longitude,    EOF1,    EOF2 
0000032, 0.0250624, 0.0013809
1377209080, 0.0292610, 0.0079617
0000000, 0.0299205, 0.0144943
0000000, 0.0324921, 0.0180732
0000000, 0.0313908, 0.0190202
0000000, 0.0240310, 0.0144528
0000000, 0.0201838, 0.0131351
0000000, 0.0234539, 0.0059320
0000000, 0.0210307, 0.0019156
0000000, 0.0190633, -0.0042992
0000000, 0.0149238, -0.0047932
0000000, 0.0171228, -0.0063431
0000000, 0.0142036, -0.0047828
0000000, 0.0073356, -0.0046750
0000000, 0.0004287, -0.0059433
0000000, -0.0073185, -0.0008610
0000000, -0.0131326, 0.0060390
0000000, -0.0190982, 0.0142160
0000000, -0.0176456, 0.0051238
0000000, -0.0128225, -0.0033875
0000000, -0.0064581, -0.0134695
0000000, -0.0060897, -0.0144626
0000000, -0.0077490, -0.0080685
0000000, -0.0054431, -0.0046750
0000000, -0.0016681, 0.0005207
0000000, 0.0051487, 0.0058299
0000000, 0.0100071, 0.0093199
0000000, 0.0150724, 0.0099678
0000000, 0.0195547, 0.0126850
0000000, 0.0218087, 0.0160696
0000000, 0.0256920, 0.0184616
0000000, 0.0293911, 0.0244658
0000000, 0.0294412, 0.0299550
0000000, 0.0311577, 0.0337127
0000000, 0.0365130, 0.0375830
0000000, 0.0385405, 0.0441530
0000000, 0.0393626, 0.0501830
0000000, 0.0447970, 0.0556431
0000000, 0.0458285, 0.0657742
0000000, 0.0501742, 0.0769192
0000000, 0.0554330, 0.0871227
0000000, 0.0580485, 0.0936363
0000000, 0.0579266, 0.0956905
0000000, 0.0528347, 0.0953864
0000000, 0.0478175, 0.0914906
0000000, 0.0388375, 0.0875877
0000000, 0.0347109, 0.0825323
0000000, 0.0255029, 0.0772280
0000000, 0.0220128, 0.0719623
0000000, 0.0179716, 0.0603268
0000000, 0.0074966, 0.0510731
0000000, -0.0109793, 0.0460549
0000000, -0.0119153, 0.0475909
0000000, -0.0098773, 0.0532468
0000000, -0.0045837, 0.0569839
0000000, -0.0073832, 0.0574667
0000000, -0.0178450, 0.0609891
0000000, -0.0304100, 0.0574702
0000000, -0.0446410, 0.0544788
0000000, -0.0471288, 0.0532284
0000000, -0.0502604, 0.0495978
0000000, -0.0538638, 0.0627180
0000000, -0.0533477, 0.0609244
0000000, -0.0615358, 0.0591464
0000000, -0.0688864, 0.0623865
0000000, -0.0738222, 0.0621617
0000000, -0.0763224, 0.0541836
0000000, -0.0785108, 0.0412144
0000000, -0.0811455, 0.0364032
0000000, -0.0814386, 0.0316158
0000000, -0.0786194, 0.0218962
0000000, -0.0721799, 0.0130463
0000000, -0.0646757, 0.0065121
0000000, -0.0570810, 0.0025207
0000000, -0.0467943, -0.0031119
0000000, -0.0363120, 0.0013515
0000000, -0.0318567, 0.0077168
0000000, -0.0219143, 0.0108890
0000000, -0.0176478, 0.0079084
0000000, -0.0128303, 0.0026118
0000000, -0.0115303, -0.0011736
0000000, -0.0113690, -0.0025155
0000000, -0.0081863, -0.0064375
0000000, -0.0028836, -0.0057272
0000000, 0.0013618, -0.0105699
0000000, 0.0010476, -0.0105707
0000000, 0.0011929, -0.0160928
0000000, 0.0016788, -0.0232249
0000000, 0.0057297, -0.0238366
0000000, 0.0065890, -0.0283967
0000000, 0.0092306, -0.0320491
0000000, 0.0067438, -0.0339788
0000000, 0.0099864, -0.0367205
0000000, 0.0122342, -0.0342814
0000000, 0.0134058, -0.0278837
0000000, 0.0127267, -0.0221139
0000000, 0.0107130, -0.0192439
0000000, 0.0114099, -0.0191842
0000000, 0.0091834, -0.0217182
0000000, 0.0055022, -0.0228855
0000000, 0.0023677, -0.0236911
0000000, 0.0033628, -0.0215420
0000000, 0.0042586, -0.0219218
0000000, 0.0072810, -0.0246271
0000000, 0.0045882, -0.0265925
0000000, 0.0024784, -0.0238017
0000000, -0.0039767, -0.0231569
0000000, -0.0070323, -0.0187624
0000000, -0.0090207, -0.0182735
0000000, -0.0098580, -0.0211987
0000000, -0.0129454, -0.0181326
0000000, -0.0137279, -0.0161918
0000000, -0.0132716, -0.0139317
0000000, -0.0145399, -0.0138616
0000000, -0.0151693, -0.0108226
0000000, -0.0147982, -0.0084901
0000000, -0.0144258, -0.0087145
0000000, -0.0138280, -0.0060469
0000000, -0.0161870, -0.0053004
0000000, -0.0173859, -0.0066570
0000000, -0.0135381, -0.0049040
0000000, -0.0098240, -0.0007683
0000000, -0.0082659, 0.0032003
0000000, -0.0029229, 0.0043382
0000000, 0.0016117, 0.0016289
0000000, 0.0070922, -0.0004900
0000000, 0.0134583, -0.0013204
0000000, 0.0165870, -0.0010759
0000000, 0.0182822, 0.0026100
0000000, 0.0209460, 0.0071792
0000000, 0.0216072, 0.0079311
0000000, 0.0192296, 0.0070560
0000000, 0.0190441, 0.0069138
0000000, 0.0211758, 0.0036185
0000000, 0.0224531, 0.0001939
0000000, 0.0209959, -0.0014132
0000000, 0.0219438, -0.0046487
0000000, 0.0212417, -0.0072556
0000000, 0.0187944, -0.0047345
0000000, 0.0199467, -0.0046280
0000000, 0.0250007, -0.0034682
0000000, 0.0220403, -0.0007290
0000000, 0.0111050, 0.0005936
0000000, 0.0062505, -0.0008954
0000000, 0.0075534, 0.0003359
0000000, 0.0085743, -0.0007794
0000000, 0.0169508, -0.0002023
0000000, 0.0227818, -0.0026471
0000000, 0.0251468, -0.0026360
0000000, 0.0293208, -0.0018262
0000000, 0.0303012, -0.0000057
0000000, 0.0341964, 0.0034834
0000000, 0.0314860, 0.0005370
0000000, 0.0310155, 0.0042291
0000000, 0.0295895, 0.0028288
0000000, 0.0216877, -0.0072071
0000000, 0.0148329, -0.0188133
0000000, 0.0145912, -0.0287193
0000000, 0.0162707, -0.0304020
0000000, 0.0144964, -0.0289359
0000000, 0.0095960, -0.0253084
0000000, 0.0078280, -0.0209557
0000000, 0.0073790, -0.0156399
0000000, 0.0068557, -0.0140822
0000000, 0.0066097, -0.0137733
0000000, 0.0046854, -0.0128950
0000000, 0.0038424, -0.0088366
0000000, 0.0032577, -0.0053773
0000000, 0.0043715, -0.0048598
0000000, 0.0038863, -0.0053096
0000000, 0.0034237, -0.0033740
0000000, 0.0041484, 0.0006810
0000000, 0.0037087, 0.0031805
0000000, 0.0051572, 0.0019067
0000000, 0.0081001, -0.0006066
0000000, 0.0125826, -0.0022260
0000000, 0.0129756, -0.0066450
0000000, 0.0135914, -0.0090930
0000000, 0.0165356, -0.0075916
0000000, 0.0203315, -0.0035572
0000000, -0.0030698, -0.0143097
0000000, -0.0057544, -0.0123473
0000000, -0.0076167, -0.0116978
0000000, -0.0075840, -0.0130556
0000000, -0.0090196, -0.0113563
0000000, -0.0083006, -0.0141994
0000000, -0.0067020, -0.0130498
0000000, -0.0059133, -0.0108050
0000000, -0.0060670, -0.0163109
0000000, -0.0065578, -0.0150669
0000000, -0.0060937, -0.0215266
0000000, -0.0072867, -0.0248169
0000000, -0.0068617, -0.0220986
0000000, -0.0048390, -0.0221276
0000000, -0.0024165, -0.0240210
0000000, -0.0003943, -0.0224708
0000000, -0.0009939, -0.0304898
0000000, 0.0022200, -0.0280181
0000000, 0.0021700, -0.0194317
0000000, 0.0034149, -0.0118842
0000000, 0.0047431, -0.0132696
0000000, 0.0094526, -0.0147255
0000000, 0.0132566, -0.0162271
0000000, 0.0119177, -0.0152097
0000000, 0.0161447, -0.0146490
0000000, 0.0151574, -0.0143954
0000000, 0.0163001, -0.0183298
0000000, 0.0174724, -0.0248552
0000000, 0.0180266, -0.0310998
0000000, 0.0212292, -0.0366837
0000000, 0.0242923, -0.0429299
0000000, 0.0269163, -0.0504039
0000000, 0.0286118, -0.0582563
0000000, 0.0303749, -0.0648872
0000000, 0.0304110, -0.0713839
0000000, 0.0315156, -0.0775586
0000000, 0.0343787, -0.0811743
0000000, 0.0366873, -0.0830254
0000000, 0.0410674, -0.0837274
0000000, 0.0428395, -0.0821699
0000000, 0.0447710, -0.0810970
0000000, 0.0501280, -0.0777049
0000000, 0.0565524, -0.0740167
0000000, 0.0633887, -0.0694406
0000000, 0.0693556, -0.0649367
0000000, 0.0724482, -0.0583980
0000000, 0.0739961, -0.0515048
0000000, 0.0768263, -0.0460724
0000000, 0.0835642, -0.0396250
0000000, 0.0875936, -0.0322645
0000000, 0.0986860, -0.0279252
0000000, 0.1033631, -0.0230617
0000000, 0.1089850, -0.0207840
0000000, 0.1131346, -0.0179992
0000000, 0.1168283, -0.0141970
0000000, 0.1147595, -0.0112179
0000000, 0.1162923, -0.0070516
0000000, 0.1180215, -0.0043506
0000000, 0.1224465, -0.0028184
0000000, 0.1244289, 0.0019145
0000000, 0.1255460, 0.0051280
0000000, 0.1213459, 0.0043380
0000000, 0.1145344, 0.0046371
0000000, 0.1180288, 0.0091296
0000000, 0.1103502, 0.0118535
0000000, 0.1036554, 0.0158475
0000000, 0.0991955, 0.0234816
0000000, 0.0959598, 0.0317476
0000000, 0.0858384, 0.0377036
0000000, 0.0793385, 0.0480605
0000000, 0.0710941, 0.0594588
0000000, 0.0606111, 0.0661019
0000000, 0.0511090, 0.0709866
0000000, 0.0425202, 0.0722333
0000000, 0.0325070, 0.0764519
0000000, 0.0222934, 0.0787194
0000000, 0.0141758, 0.0830223
0000000, 0.0097558, 0.0878246
0000000, 0.0051635, 0.0961658
0000000, -0.0000490, 0.1016720
0000000, -0.0055149, 0.1067444
0000000, -0.0105080, 0.1110461
0000000, -0.0142989, 0.1139534
0000000, -0.0157892, 0.1172607
0000000, -0.0172325, 0.1206658
0000000, -0.0177916, 0.1233265
0000000, -0.0189108, 0.1257604
0000000, -0.0201738, 0.1261498
0000000, -0.0231580, 0.1244540
0000000, -0.0262198, 0.1207652
0000000, -0.0289572, 0.1186915
0000000, -0.0304610, 0.1161122
0000000, -0.0314397, 0.1137296
0000000, -0.0327875, 0.1103090
0000000, -0.0327459, 0.1083913
0000000, -0.0316972, 0.1058100
0000000, -0.0309104, 0.1037341
0000000, -0.0316337, 0.1008412
0000000, -0.0319338, 0.0969620
0000000, -0.0318961, 0.0926288
0000000, -0.0322708, 0.0875103
0000000, -0.0327195, 0.0828256
0000000, -0.0322925, 0.0776281
0000000, -0.0311617, 0.0711160
0000000, -0.0298619, 0.0651017
0000000, -0.0284094, 0.0591414
0000000, -0.0275665, 0.0535299
0000000, -0.0264894, 0.0469206
0000000, -0.0258424, 0.0418092
0000000, -0.0249428, 0.0363872
0000000, -0.0250073, 0.0298934
0000000, -0.0269220, 0.0236096
0000000, -0.0301991, 0.0179236
0000000, -0.0326400, 0.0123661
0000000, -0.0343797, 0.0074693
0000000, -0.0360892, 0.0043728
0000000, -0.0393334, 0.0016346
0000000, -0.0425380, 0.0012271
0000000, -0.0435989, -0.0010514
0000000, -0.0457875, -0.0016671
0000000, -0.0480332, -0.0009982
0000000, -0.0502022, -0.0013336
0000000, -0.0527160, -0.0019163
0000000, -0.0553231, 0.0001594
0000000, -0.0576798, 0.0033205
0000000, -0.0591896, 0.0054453
0000000, -0.0598901, 0.0065607
0000000, -0.0578805, 0.0073424
0000000, -0.0554810, 0.0086044
0000000, -0.0523214, 0.0102651
0000000, -0.0499292, 0.0129912
0000000, -0.0466632, 0.0157461
0000000, -0.0410786, 0.0175091
0000000, -0.0382884, 0.0191970
0000000, -0.0370587, 0.0221613
0000000, -0.0352026, 0.0247072
0000000, -0.0288965, 0.0271741
0000000, -0.0263178, 0.0306442
0000000, -0.0201606, 0.0274128
0000000, -0.0143000, 0.0249055
0000000, -0.0087405, 0.0157060
0000000, -0.0101674, 0.0169168
0000000, -0.0055789, 0.0143746
0000000, -0.0062045, 0.0165107
0000000, -0.0044013, 0.0128306
0000000, -0.0092912, 0.0142688
0000000, -0.0082744, 0.0150464
0000000, -0.0123573, 0.0162704
0000000, -0.0148762, 0.0184584
0000000, -0.0158945, 0.0217900
0000000, -0.0162535, 0.0241398
0000000, -0.0139612, 0.0260018
0000000, -0.0127020, 0.0269532
0000000, -0.0111678, 0.0282131
0000000, -0.0098995, 0.0268772
0000000, -0.0088834, 0.0239151
0000000, -0.0097060, 0.0229892
0000000, -0.0093909, 0.0218135
0000000, -0.0093447, 0.0150725
0000000, -0.0113870, 0.0103294
0000000, -0.0139639, 0.0057799
0000000, -0.0153100, 0.0026442
0000000, -0.0167328, -0.0019375
0000000, -0.0151047, -0.0069631
0000000, -0.0140545, -0.0096410
0000000, -0.0125278, -0.0123875
0000000, -0.0127826, -0.0141109
0000000, -0.0123010, -0.0152805
0000000, -0.0119209, -0.0162884
0000000, -0.0111738, -0.0169942
0000000, -0.0091990, -0.0177003
0000000, -0.0069289, -0.0177749
0000000, -0.0051996, -0.0169620
0000000, -0.0037578, -0.0150927
0000000, -0.0026925, -0.0128152
0000000, -0.0011532, -0.0116191
0000000, -0.0022856, -0.0108159
0000000, -0.0022133, -0.0102504
0000000, -0.0019537, -0.0105096
0000000, -0.0026710, -0.0121894
0000000, 0.0562554, 0.0829992
0000000, 0.0550757, 0.0838746
0000000, 0.0530394, 0.0820577
0000000, 0.0511279, 0.0791015
0000000, 0.0475985, 0.0756770
0000000, 0.0451071, 0.0733930
0000000, 0.0438784, 0.0717895
0000000, 0.0420886, 0.0686924
0000000, 0.0400337, 0.0673661
0000000, 0.0374923, 0.0641055
0000000, 0.0365622, 0.0617423
0000000, 0.0358974, 0.0608624
0000000, 0.0342782, 0.0595815
0000000, 0.0330912, 0.0585303
0000000, 0.0318934, 0.0581661
0000000, 0.0318183, 0.0585577
0000000, 0.0319325, 0.0584928
0000000, 0.0319933, 0.0586677
0000000, 0.0332263, 0.0597599
0000000, 0.0348974, 0.0609254
0000000, 0.0344589, 0.0622460
0000000, 0.0346789, 0.0646423
0000000, 0.0345088, 0.0670541
0000000, 0.0347377, 0.0696140
0000000, 0.0344724, 0.0721182
0000000, 0.0344032, 0.0735474
0000000, 0.0353301, 0.0750724
0000000, 0.0354749, 0.0761496
0000000, 0.0334449, 0.0765322
0000000, 0.0302155, 0.0769850
0000000, 0.0259152, 0.0772154
0000000, 0.0202353, 0.0785485
0000000, 0.0147791, 0.0785999
0000000, 0.0115990, 0.0776664
0000000, 0.0089840, 0.0778730
0000000, 0.0061735, 0.0772840
0000000, 0.0048837, 0.0761341
0000000, 0.0024281, 0.0746803
0000000, -0.0006472, 0.0733799
0000000, -0.0036348, 0.0724098
0000000, -0.0059913, 0.0688998
0000000, -0.0099879, 0.0641029
0000000, -0.0136075, 0.0595778
0000000, -0.0167394, 0.0552840
0000000, -0.0207397, 0.0520099
0000000, -0.0239376, 0.0493094
0000000, -0.0270631, 0.0475750
0000000, -0.0310949, 0.0446670
0000000, -0.0347481, 0.0419963
0000000, -0.0390759, 0.0405813
0000000, -0.0435863, 0.0396984
0000000, -0.0463778, 0.0380473
0000000, -0.0475852, 0.0366079
0000000, -0.0492242, 0.0343990
0000000, -0.0527473, 0.0316959
0000000, -0.0555333, 0.0268177
0000000, -0.0571646, 0.0226533
0000000, -0.0587372, 0.0200855
0000000, -0.0581498, 0.0185652
0000000, -0.0568235, 0.0179096
0000000, -0.0552248, 0.0164096
0000000, -0.0535673, 0.0146627
0000000, -0.0521152, 0.0119160
0000000, -0.0510543, 0.0093039
0000000, -0.0494198, 0.0080176
0000000, -0.0471380, 0.0059247
0000000, -0.0449162, 0.0032648
0000000, -0.0410039, -0.0006149
0000000, -0.0367277, -0.0026888
0000000, -0.0326603, -0.0040014
0000000, -0.0272758, -0.0058831
0000000, -0.0210323, -0.0049627
0000000, -0.0145518, -0.0049414
0000000, -0.0084718, -0.0047504
0000000, -0.0025487, -0.0045916
0000000, 0.0034676, -0.0048361
0000000, 0.0087585, -0.0046222
0000000, 0.0122882, -0.0075921
0000000, 0.0164018, -0.0095924
0000000, 0.0205276, -0.0104720
0000000, 0.0248768, -0.0114084
0000000, 0.0287516, -0.0119112
0000000, 0.0315565, -0.0121014
0000000, 0.0338637, -0.0124612
0000000, 0.0361539, -0.0129959
0000000, 0.0359239, -0.0126501
0000000, 0.0360253, -0.0121762
0000000, 0.0357649, -0.0108163
0000000, 0.0354778, -0.0103424
0000000, 0.0348507, -0.0099065
0000000, 0.0341665, -0.0096351
0000000, 0.0334978, -0.0094722
0000000, 0.0341325, -0.0096160
0000000, 0.0346250, -0.0097017
0000000, 0.0355725, -0.0104685
0000000, 0.0355055, -0.0122500
0000000, 0.0358578, -0.0150477
0000000, 0.0362021, -0.0165456
0000000, 0.0364913, -0.0170119
0000000, 0.0383321, -0.0167871
0000000, 0.0406688, -0.0152262
0000000, 0.0427349, -0.0138879
0000000, 0.0442072, -0.0111695
0000000, 0.0453177, -0.0095040
0000000, 0.0464240, -0.0076805
0000000, 0.0469284, -0.0084722
0000000, 0.0480513, -0.0101760
0000000, 0.0490886, -0.0115994
0000000, 0.0501690, -0.0125459
0000000, 0.0504208, -0.0139082
0000000, 0.0507737, -0.0151828
0000000, 0.0517564, -0.0162393
0000000, 0.0512966, -0.0174240
0000000, 0.0511776, -0.0176648
0000000, 0.0517920, -0.0172262
0000000, 0.0530343, -0.0176422
0000000, 0.0549554, -0.0179989
0000000, 0.0570168, -0.0163388
0000000, 0.0607210, -0.0134996
0000000, 0.0652032, -0.0108617
0000000, 0.0702854, -0.0060631
0000000, 0.0751401, -0.0014697
0000000, 0.0805159, 0.0033014
0000000, 0.0856043, 0.0079439
0000000, 0.0897192, 0.0128521
0000000, 0.0931226, 0.0163738
0000000, 0.0961742, 0.0185231
0000000, 0.0973303, 0.0186860
0000000, 0.0984420, 0.0198136
0000000, 0.0999861, 0.0190754
0000000, 0.0997691, 0.0182164
0000000, 0.0997232, 0.0171815
0000000, 0.0999096, 0.0150661
0000000, 0.0995517, 0.0128152
0000000, 0.0985191, 0.0091274
0000000, 0.0968471, 0.0054674
0000000, 0.0947622, 0.0022230
0000000, 0.0923544, -0.0006707
0000000, 0.0885812, -0.0036079
0000000, 0.0851459, -0.0061459
0000000, 0.0803603, -0.0065073
0000000, 0.0732158, -0.0050494
0000000, 0.0687168, -0.0052611
0000000, 0.0638529, -0.0059272
0000000, 0.0585143, -0.0067305
0000000, 0.0543805, -0.0059805
0000000, 0.0509087, -0.0033115
0000000, 0.0470056, -0.0016019
0000000, 0.0435119, 0.0001021
0000000, 0.0400026, 0.0011342
0000000, 0.0371615, 0.0020275
0000000, 0.0346141, 0.0029812
0000000, 0.0328287, 0.0043065
0000000, 0.0326027, 0.0059891
0000000, 0.0323342, 0.0083896
0000000, 0.0332077, 0.0096627
0000000, 0.0358891, 0.0118939
0000000, 0.0383932, 0.0158213
0000000, 0.0412505, 0.0200121
0000000, 0.0430130, 0.0237181
0000000, 0.0449085, 0.0280183
0000000, 0.0472628, 0.0324741
0000000, 0.0475211, 0.0378566
0000000, 0.0470507, 0.0432046
0000000, 0.0470905, 0.0497280
0000000, 0.0473013, 0.0544110
0000000, 0.0480088, 0.0579878
0000000, 0.0485365, 0.0611913
0000000, 0.0493632, 0.0640253
0000000, 0.0504245, 0.0657187
0000000, 0.0519898, 0.0674280
0000000, 0.0531959, 0.0681488
0000000, 0.0556626, 0.0681666
0000000, 0.0577283, 0.0700246
0000000, 0.0583007, 0.0716701
0000000, 0.0578157, 0.0739039
0000000, 0.0572559, 0.0756526
0000000, 0.0571124, 0.0774306
0000000, 0.0572402, 0.0795663
0000000, 0.0569296, 0.0813606
