Time,    RMM1,    RMM2,    phase,    amplitude 
0014975, 1.4037350, 1.8092567, 6, 2.2899523
0014976, 0.8358809, 1.5958555, 6, 1.8015137
0014977, 0.1382944, 1.7848362, 6, 1.7901858
0014978, -0.8660995, 1.9303133, 7, 2.1157122
0014979, -1.6371541, 2.0299621, 7, 2.6078765
0014980, -2.0388722, 1.5746425, 8, 2.5761404
0014981, -2.0120287, 1.0063176, 8, 2.2496521
0014982, -2.0464320, 0.6691568, 8, 2.1530571
0014983, -1.7510767, 0.4218483, 8, 1.8011733
0014984, -1.3785924, 0.2222410, 8, 1.3963910
0014985, -0.7987069, 0.1424371, 8, 0.8113083
0014986, -0.7119384, 0.1052832, 8, 0.7196810
0014987, -0.3334028, -0.1015094, 1, 0.3485134
0014988, 0.1952793, -0.2517142, 3, 0.3185813
0014989, 0.4240731, -0.5860487, 3, 0.7233886
0014990, 0.6253211, -0.6399237, 3, 0.8947228
0014991, 0.7825076, -0.7443930, 4, 1.0800180
0014992, 0.8861955, -0.9991403, 3, 1.3355237
0014993, 1.1602566, -0.8863965, 4, 1.4601008
0014994, 1.4465816, -0.8598150, 4, 1.6828191
0014995, 1.7601327, -0.2571878, 4, 1.7788234
0014996, 1.9869692, 0.2386566, 5, 2.0012505
0014997, 1.8500986, 0.8388730, 5, 2.0313966
0014998, 1.5140972, 1.1314499, 5, 1.8901507
0014999, 1.2156543, 1.3601203, 6, 1.8242102
0015000, 0.9580872, 1.7293010, 6, 1.9769707
0015001, 0.7854298, 1.6675322, 6, 1.8432481
0015002, 0.5927405, 1.6239176, 6, 1.7287133
0015003, 0.4512695, 1.3289510, 6, 1.4034796
0015004, 0.0349339, 1.3720887, 6, 1.3725333
0015005, -0.3436057, 1.5552158, 7, 1.5927213
0015006, -0.4791342, 1.3606472, 7, 1.4425430
0015007, -0.2972651, 1.0935792, 7, 1.1332617
0015008, -0.2279708, 1.0692086, 7, 1.0932419
0015009, -0.1317577, 0.9762263, 7, 0.9850776
0015010, 0.0455302, 1.0727289, 6, 1.0736947
0015011, 0.1051334, 1.0585312, 6, 1.0637393
0015012, 0.1672058, 0.9311639, 6, 0.9460570
0015013, 0.2266906, 0.8563042, 6, 0.8858021
0015014, -0.0220171, 0.8630812, 7, 0.8633620
0015015, -0.4306287, 0.9269055, 7, 1.0220542
0015016, -1.0320883, 1.1136045, 7, 1.5183284
0015017, -1.3808950, 1.1161350, 8, 1.7755643
0015018, -1.4430552, 1.0809170, 8, 1.8029946
0015019, -1.2198471, 0.7732140, 8, 1.4442600
0015020, -1.2460552, 0.2871984, 8, 1.2787246
0015021, -1.3666400, 0.3921075, 8, 1.4217782
0015022, -1.2995523, 0.5128835, 8, 1.3970990
0015023, -1.3068089, 0.2664877, 8, 1.3337036
0015024, -1.7306874, 0.3902506, 8, 1.7741405
0015025, -1.9550862, 0.5142081, 8, 2.0215766
0015026, -1.7941780, 0.4364746, 8, 1.8465061
0015027, -1.9333018, 0.3275789, 8, 1.9608579
0015028, -1.9347148, 0.0887080, 8, 1.9367474
0015029, -1.8408502, -0.2602608, 1, 1.8591571
0015030, -1.9222913, -0.5441149, 1, 1.9978150
0015031, -1.6318139, -0.9697966, 1, 1.8982419
0015032, -1.1528628, -1.5545100, 2, 1.9353538
0015033, -0.6896622, -2.0643628, 2, 2.1765175
0015034, -0.5022188, -2.4235675, 2, 2.4750562
0015035, -0.1528610, -2.2992620, 2, 2.3043377
0015036, 0.6574481, -2.2073681, 3, 2.3031962
0015037, 1.0792525, -2.3200827, 3, 2.5588219
0015038, 1.3227073, -1.8449827, 3, 2.2701356
0015039, 1.6859047, -1.4511076, 4, 2.2244074
0015040, 1.8223982, -1.2302743, 4, 2.1987975
0015041, 1.8627330, -1.0800017, 4, 2.1531787
0015042, 1.6197348, -0.8454697, 4, 1.8271178
0015043, 1.4133070, -0.6560091, 4, 1.5581349
0015044, 1.3560296, -0.5567065, 4, 1.4658576
0015045, 1.1737720, -0.4657745, 4, 1.2628089
0015046, 0.9287082, -0.4146781, 4, 1.0170826
0015047, 0.6537421, -0.5261670, 4, 0.8391844
0015048, 0.5700653, -0.4170119, 4, 0.7063097
0015049, 0.5930554, -0.3961431, 4, 0.7131929
0015050, 0.4748529, -0.0941257, 4, 0.4840918
0015051, 0.3656931, 0.0552630, 5, 0.3698452
0015052, 0.4186854, 0.0736860, 5, 0.4251201
0015053, 0.3964534, 0.3620177, 5, 0.5368725
0015054, 0.4530681, 0.6730415, 6, 0.8113295
0015055, 0.6171785, 1.0083948, 6, 1.1822730
0015056, 0.6374151, 1.1582092, 6, 1.3220236
0015057, 0.3574756, 0.9537581, 6, 1.0185497
0015058, 0.2097716, 0.8857533, 6, 0.9102544
0015059, 0.3165402, 0.8257117, 6, 0.8843062
0015060, 0.5303888, 0.6585153, 6, 0.8455499
0015061, 0.7318119, 0.5570159, 5, 0.9196821
0015062, 0.6625889, 0.4992581, 5, 0.8296281
0015063, 0.6690113, 0.3670244, 5, 0.7630747
0015064, 0.6354971, 0.4707804, 5, 0.7908797
0015065, 0.5715976, 0.5405242, 5, 0.7866958
0015066, 0.5475519, 0.4134443, 5, 0.6861117
0015067, 0.3773475, 0.2784015, 5, 0.4689334
0015068, 0.3624387, 0.2636080, 5, 0.4481640
0015069, 0.4103756, 0.2946853, 5, 0.5052203
0015070, 0.3355843, 0.5276698, 6, 0.6253417
0015071, 0.4224073, 0.4541337, 6, 0.6202139
0015072, 0.3857629, 0.2888126, 5, 0.4818981
0015073, 0.3861656, -0.0625134, 4, 0.3911928
0015074, 0.5518698, -0.1201711, 4, 0.5648021
0015075, 0.4771479, -0.1880479, 4, 0.5128666
0015076, 0.3473210, -0.1136637, 4, 0.3654467
0015077, 0.0606987, -0.1571356, 3, 0.1684516
0015078, -0.1003386, -0.2986747, 2, 0.3150784
0015079, 0.0049000, -0.4885021, 3, 0.4885267
0015080, -0.0734730, -0.6166925, 2, 0.6210539
0015081, 0.0792299, -0.7661154, 3, 0.7702014
0015082, -0.0797853, -0.9087712, 2, 0.9122669
0015083, -0.0779436, -0.9189874, 2, 0.9222869
0015084, 0.0100793, -1.1613268, 3, 1.1613705
0015085, -0.0739953, -1.4886218, 2, 1.4904598
0015086, -0.1941217, -2.1117389, 2, 2.1206424
0015087, 0.1617596, -2.4607973, 3, 2.4661081
0015088, 0.6312320, -2.4421759, 3, 2.5224347
0015089, 1.1381001, -2.2287538, 3, 2.5025218
0015090, 1.5441201, -1.9108769, 3, 2.4567778
0015091, 1.7833482, -1.4765706, 4, 2.3152952
0015092, 1.9366657, -1.1352326, 4, 2.2448668
0015093, 1.8964627, -0.8145266, 4, 2.0639825
0015094, 2.0876780, -0.3357565, 4, 2.1145051
0015095, 2.1076508, 0.1366314, 5, 2.1120749
0015096, 1.7236079, 0.5823122, 5, 1.8193163
0015097, 1.3390480, 1.0003664, 5, 1.6714612
0015098, 0.9393985, 1.3212985, 6, 1.6212031
0015099, 0.6345230, 1.5645275, 6, 1.6883026
0015100, 0.2482557, 1.8348441, 6, 1.8515626
0015101, 0.1413469, 1.9885948, 6, 1.9936118
0015102, 0.2587513, 2.0200305, 6, 2.0365350
0015103, 0.3042019, 2.0240264, 6, 2.0467589
0015104, 0.0614767, 2.1384592, 6, 2.1393425
0015105, -0.2438594, 2.0783479, 7, 2.0926054
0015106, -0.6156098, 2.0365939, 7, 2.1276019
0015107, -0.9813064, 1.7226543, 7, 1.9825490
0015108, -1.1607523, 1.1262039, 8, 1.6173067
0015109, -1.2128987, 0.9045443, 8, 1.5130512
0015110, -0.9350157, 0.9564908, 7, 1.3375832
0015111, -0.9129994, 0.9985386, 7, 1.3530141
0015112, -0.8736961, 0.8776869, 7, 1.2384180
0015113, -1.0950711, 0.9139551, 8, 1.4263572
0015114, -1.0222290, 0.7274980, 8, 1.2546735
0015115, -0.9504159, 0.6711065, 8, 1.1634752
0015116, -1.1456666, 0.5318874, 8, 1.2631136
0015117, -1.3132579, 0.3444717, 8, 1.3576845
0015118, -1.4315331, 0.2952430, 8, 1.4616619
0015119, -1.3186888, 0.1354517, 8, 1.3256271
0015120, -1.3898692, -0.1695407, 1, 1.4001716
0015121, -1.2975119, -0.7809252, 1, 1.5143914
0015122, -1.0950283, -1.3479853, 2, 1.7367070
0015123, -1.1404425, -1.8445069, 2, 2.1685975
0015124, -1.0688044, -2.3280900, 2, 2.5617075
0015125, -0.6945330, -2.7067244, 2, 2.7944109
0015126, -0.0592434, -2.7008817, 2, 2.7015314
0015127, 0.2606184, -2.5411780, 3, 2.5545073
0015128, 0.5515382, -2.2569718, 3, 2.3233845
0015129, 0.9606115, -1.9184130, 3, 2.1454797
0015130, 1.2277850, -1.6857340, 3, 2.0854628
0015131, 0.9474467, -1.6583365, 3, 1.9099046
0015132, 0.7319628, -1.5217838, 3, 1.6886667
0015133, 0.6647679, -1.1705954, 3, 1.3461835
0015134, 0.8167105, -0.8305367, 3, 1.1648208
0015135, 0.9009274, -0.9500553, 3, 1.3093033
0015136, 0.9104682, -0.8781183, 4, 1.2649285
0015137, 0.9686914, -0.7405764, 4, 1.2193508
0015138, 1.1878383, -0.6344363, 4, 1.3466512
0015139, 1.5139842, -0.4353729, 4, 1.5753405
0015140, 1.9305829, -0.1100212, 4, 1.9337153
0015141, 2.1585548, 0.0744417, 5, 2.1598382
0015142, 1.8149996, 0.0756105, 5, 1.8165739
0015143, 1.4280268, 0.1643499, 5, 1.4374532
0015144, 1.0683815, 0.3814032, 5, 1.1344194
0015145, 0.9026808, 0.3974876, 5, 0.9863210
0015146, 0.7768991, 0.4313653, 5, 0.8886215
0015147, 0.8546699, 0.7226726, 5, 1.1192482
0015148, 0.6898376, 0.6469670, 5, 0.9457496
0015149, 0.3157361, 0.6079177, 6, 0.6850206
0015150, 0.4028187, 0.6602514, 6, 0.7734305
0015151, 0.3810155, 0.9953092, 6, 1.0657454
0015152, 0.3453304, 1.2190820, 6, 1.2670493
0015153, 0.2431146, 1.0931768, 6, 1.1198840
0015154, 0.0307301, 0.8437089, 6, 0.8442683
0015155, 0.0057594, 0.9075525, 6, 0.9075708
0015156, 0.0809600, 0.7387631, 6, 0.7431860
0015157, 0.1126098, 0.5151336, 6, 0.5272984
0015158, -0.3588041, 0.3937851, 7, 0.5327355
0015159, -0.6357635, 0.1963644, 8, 0.6653978
0015160, -0.9409760, 0.0848072, 8, 0.9447900
0015161, -1.1089313, -0.2093970, 1, 1.1285281
0015162, -1.4491886, -0.0506740, 1, 1.4500742
0015163, -1.2315074, 0.1647433, 8, 1.2424778
0015164, -0.9003484, 0.1488439, 8, 0.9125687
0015165, -0.5058078, 0.0322332, 8, 0.5068338
0015166, -0.4474441, -0.1584989, 1, 0.4746875
0015167, -0.3928241, 0.0020822, 8, 0.3928296
0015168, -0.1488941, 0.0926372, 8, 0.1753599
0015169, 0.0653364, 0.1351625, 6, 0.1501257
0015170, 0.0839245, 0.0651159, 5, 0.1062234
0015171, 0.0081021, -0.1604929, 3, 0.1606972
0015172, -0.2587762, -0.1918925, 1, 0.3221612
0015173, -0.4090033, -0.1800721, 1, 0.4468889
0015174, -0.3088126, -0.4469544, 2, 0.5432619
0015175, -0.6608829, -0.6839260, 2, 0.9510632
0015176, -0.7701293, -0.9136711, 2, 1.1949451
0015177, -0.4685394, -0.9091181, 2, 1.0227536
0015178, 0.0052434, -0.6181504, 3, 0.6181726
0015179, 0.3996465, -0.0090216, 4, 0.3997483
0015180, 0.7042181, -0.0297287, 4, 0.7048454
0015181, 0.9380024, -0.2486118, 4, 0.9703898
0015182, 0.8159688, -0.2226160, 4, 0.8457913
0015183, 0.7289520, 0.0001040, 5, 0.7289520
0015184, 0.7220747, -0.0108197, 4, 0.7221558
0015185, 0.7412304, 0.0378422, 5, 0.7421957
0015186, 0.9082941, 0.1682513, 5, 0.9237460
0015187, 0.8856983, 0.5212863, 5, 1.0277163
0015188, 0.8563536, 0.4908414, 5, 0.9870495
0015189, 0.6588145, 0.4481337, 5, 0.7967813
0015190, 0.7818844, 0.2325493, 5, 0.8157343
0015191, 0.9151372, -0.1479034, 4, 0.9270122
0015192, 0.9862711, -0.5008342, 4, 1.1061491
0015193, 1.1583935, -0.6555322, 4, 1.3310139
0015194, 1.3056818, -0.5661127, 4, 1.4231263
0015195, 1.4856424, -0.3664961, 4, 1.5301807
0015196, 1.5148569, -0.0766602, 4, 1.5167954
0015197, 1.2640433, 0.2054695, 5, 1.2806339
0015198, 0.8784656, 0.4940231, 5, 1.0078495
0015199, 0.2755037, 0.5540603, 6, 0.6187772
0015200, -0.1660547, 0.5594372, 7, 0.5835615
0015201, -0.1173863, 0.4312470, 7, 0.4469379
0015202, -0.1925538, 0.4264989, 7, 0.4679511
0015203, -0.4182909, 0.2214985, 8, 0.4733169
0015204, -0.6391984, 0.0270987, 8, 0.6397726
0015205, -0.6996107, -0.1195224, 1, 0.7097469
0015206, -0.3690582, -0.2875232, 1, 0.4678392
0015207, 0.0442589, -0.5364794, 3, 0.5383019
0015208, 0.3361485, -0.6740314, 3, 0.7532026
0015209, 0.4594898, -0.7597537, 3, 0.8878945
0015210, 0.4033425, -0.7723523, 3, 0.8713285
0015211, 0.7478251, -0.4457858, 4, 0.8706132
0015212, 1.0933306, -0.3138852, 4, 1.1374954
0015213, 0.9923450, -0.2273626, 4, 1.0180581
0015214, 0.7894539, -0.3197999, 4, 0.8517684
0015215, 0.8387285, -0.1770084, 4, 0.8572032
0015216, 0.7657648, -0.1839290, 4, 0.7875440
0015217, 0.7555884, -0.2856773, 4, 0.8077904
0015218, 0.7710760, -0.1456538, 4, 0.7847122
0015219, 0.8362881, 0.0373756, 5, 0.8371229
0015220, 0.8253802, 0.1866500, 5, 0.8462214
0015221, 0.7032069, 0.6066712, 5, 0.9287357
0015222, 0.6135420, 1.0312363, 6, 1.1999509
0015223, 0.7646117, 1.0934988, 6, 1.3343053
0015224, 0.8493453, 1.0040507, 6, 1.3151066
0015225, 1.0552924, 1.2051766, 6, 1.6019027
0015226, 1.1997433, 1.2528756, 6, 1.7346703
0015227, 0.9761559, 1.1695784, 6, 1.5234153
0015228, 0.5875311, 0.9813396, 6, 1.1437746
0015229, 0.2742117, 0.8872036, 6, 0.9286131
0015230, -0.2158409, 1.0781069, 7, 1.0995007
0015231, -0.6844860, 1.3843545, 7, 1.5443310
0015232, -0.7935703, 1.2368208, 7, 1.4695168
0015233, -0.9908801, 1.0359418, 7, 1.4335337
0015234, -1.0478921, 0.7520925, 8, 1.2898531
0015235, -1.3242753, 0.6762111, 8, 1.4869318
0015236, -1.4679971, 0.6233022, 8, 1.5948421
0015237, -1.3327130, 0.6040010, 8, 1.4631956
0015238, -1.4266367, 0.3424413, 8, 1.4671599
0015239, -1.6673075, -0.1711598, 1, 1.6760699
0015240, -1.9718090, -0.6012551, 1, 2.0614409
0015241, -2.0855830, -0.7999704, 1, 2.2337432
0015242, -2.2079580, -1.0935692, 1, 2.4639344
0015243, -2.2150493, -1.1918612, 1, 2.5153482
0015244, -1.9314975, -1.1346432, 1, 2.2401111
0015245, -1.7301954, -1.2057910, 1, 2.1089115
0015246, -1.3507243, -1.0222570, 1, 1.6939496
0015247, -1.1338680, -1.2035310, 2, 1.6535245
0015248, -1.1786654, -1.0016155, 1, 1.5467662
0015249, -1.4480784, -0.6023822, 1, 1.5683736
0015250, -1.6052078, -0.2495311, 1, 1.6244870
0015251, -1.4288172, -0.1847084, 1, 1.4407066
0015252, -1.3875172, -0.1311066, 1, 1.3936976
0015253, -1.3296784, -0.1356648, 1, 1.3365813
0015254, -1.2888548, -0.2333200, 1, 1.3098034
0015255, -1.1522260, -0.1882036, 1, 1.1674954
0015256, -1.1449795, -0.0280294, 1, 1.1453226
0015257, -1.1495869, 0.1456027, 8, 1.1587710
0015258, -0.9908025, 0.2582460, 8, 1.0239046
0015259, -1.0683497, 0.0816757, 8, 1.0714673
0015260, -1.2650899, -0.0772485, 1, 1.2674462
0015261, -1.2449181, -0.2452071, 1, 1.2688371
0015262, -1.0488926, -0.5776130, 1, 1.1974190
0015263, -0.9477128, -0.8615299, 1, 1.2807784
0015264, -1.0469135, -1.0624244, 2, 1.4915675
0015265, -0.9714139, -1.4049827, 2, 1.7081046
0015266, -0.9102800, -1.6652651, 2, 1.8978192
0015267, -0.8968340, -2.0515163, 2, 2.2389798
0015268, -0.6375594, -2.1515653, 2, 2.2440400
0015269, -0.3279497, -2.2439344, 2, 2.2677727
0015270, -0.0968118, -2.0632267, 2, 2.0654969
0015271, -0.0020498, -1.7130760, 2, 1.7130773
0015272, 0.1422673, -1.4280488, 3, 1.4351180
0015273, 0.3361101, -1.2240403, 3, 1.2693480
0015274, 0.4427308, -1.0002096, 3, 1.0938143
0015275, 0.4892856, -0.6993645, 3, 0.8535287
0015276, 0.5473385, -0.6299255, 3, 0.8344972
0015277, 0.6097506, -0.3150658, 4, 0.6863398
0015278, 1.0790424, -0.0529115, 4, 1.0803390
0015279, 1.5170130, 0.2823103, 5, 1.5430578
0015280, 1.7632986, 0.5889984, 5, 1.8590699
0015281, 1.8835480, 0.9233045, 5, 2.0976758
0015282, 2.0460398, 1.1420695, 5, 2.3432033
0015283, 2.0922258, 0.9521096, 5, 2.2986782
0015284, 1.9402355, 1.0388522, 5, 2.2008469
0015285, 1.7997864, 1.3532715, 5, 2.2517936
0015286, 1.3465438, 1.6664838, 6, 2.1425097
0015287, 0.6707038, 1.9779824, 6, 2.0886018
0015288, 0.2149704, 2.0108194, 6, 2.0222776
0015289, -0.2545767, 1.8333654, 7, 1.8509561
0015290, -0.7160044, 1.5219790, 7, 1.6819876
0015291, -1.0086920, 1.2159159, 7, 1.5798453
0015292, -1.2622250, 0.6369034, 8, 1.4138098
0015293, -0.9781820, 0.0245835, 8, 0.9784908
0015294, -1.1004899, 0.0986999, 8, 1.1049070
0015295, -1.0783513, 0.0605089, 8, 1.0800476
0015296, -1.2833570, 0.2330147, 8, 1.3043393
0015297, -1.1727399, 0.1106208, 8, 1.1779455
0015298, -0.9943777, 0.0049649, 8, 0.9943901
0015299, -0.8043774, -0.5143993, 1, 0.9547930
0015300, -0.4455887, -0.7284837, 2, 0.8539542
0015301, -0.0625086, -0.5693675, 2, 0.5727885
0015302, 0.1072095, -0.3619455, 3, 0.3774896
0015303, -0.0988124, -0.1008238, 2, 0.1411712
0015304, -0.5078129, -0.0608372, 1, 0.5114442
0015305, -0.8248338, -0.0719128, 1, 0.8279627
0015306, -0.9576026, -0.3680840, 1, 1.0259087
0015307, -0.9064592, -0.4617848, 1, 1.0173070
0015308, -0.6812857, -0.2314779, 1, 0.7195361
0015309, -0.4966986, -0.1184510, 1, 0.5106272
0015310, -0.4536507, -0.2951982, 1, 0.5412402
0015311, -0.3127527, -0.3360839, 2, 0.4590933
0015312, -0.2219344, -0.2070406, 1, 0.3035139
0015313, -0.2622860, -0.4033369, 2, 0.4811181
0015314, -0.3973005, -0.6277437, 2, 0.7429064
0015315, -0.4156936, -0.7255670, 2, 0.8362109
0015316, -0.2938232, -0.6762126, 2, 0.7372894
0015317, -0.3514780, -0.6286406, 2, 0.7202262
0015318, -0.3394036, -0.7479547, 2, 0.8213592
0015319, -0.2545873, -0.9592758, 2, 0.9924841
0015320, -0.1240823, -1.2756873, 2, 1.2817078
0015321, -0.0755709, -1.3561596, 2, 1.3582635
0015322, -0.1644657, -1.4540169, 2, 1.4632889
0015323, 0.1335501, -1.1247146, 3, 1.1326158
0015324, 0.2380077, -0.7229965, 3, 0.7611647
0015325, 0.3877098, -0.4333929, 3, 0.5815052
0015326, 0.3416889, -0.3125606, 4, 0.4630825
0015327, 0.2156668, -0.1840760, 4, 0.2835421
0015328, 0.1268399, -0.0406665, 4, 0.1331995
0015329, 0.1936831, 0.1650706, 5, 0.2544827
0015330, 0.2465325, 0.2287592, 5, 0.3363169
0015331, 0.2190364, 0.5293439, 6, 0.5728717
0015332, 0.2638081, 0.8695881, 6, 0.9087234
0015333, 0.2158866, 1.2060927, 6, 1.2252618
0015334, 0.1727978, 1.2009991, 6, 1.2133664
0015335, -0.1014961, 0.9596605, 7, 0.9650128
0015336, -0.4228391, 0.5898840, 7, 0.7257796
0015337, -0.6731537, 0.4549556, 8, 0.8124780
0015338, -0.6375291, 0.2656279, 8, 0.6906530
0015339, -0.3317340, 0.0965630, 8, 0.3455023
