longitude,    EOF1,    EOF2 
0000032, 0.0166869, 0.0033786
1377209080, 0.0173776, 0.0131875
0000000, 0.0189210, 0.0220746
0000000, 0.0185521, 0.0283898
0000000, 0.0178047, 0.0326554
0000000, 0.0173874, 0.0256571
0000000, 0.0206408, 0.0230936
0000000, 0.0257381, 0.0231452
0000000, 0.0296461, 0.0196507
0000000, 0.0334128, 0.0152428
0000000, 0.0336264, 0.0072842
0000000, 0.0363840, 0.0033191
0000000, 0.0362023, -0.0025494
0000000, 0.0325977, -0.0080338
0000000, 0.0256183, -0.0109536
0000000, 0.0189669, -0.0091489
0000000, 0.0137087, 0.0045830
0000000, 0.0048877, 0.0103023
0000000, 0.0010749, 0.0086213
0000000, 0.0013902, 0.0007114
0000000, 0.0045894, -0.0079849
0000000, 0.0044431, -0.0111501
0000000, 0.0031582, -0.0113934
0000000, 0.0037268, -0.0078475
0000000, 0.0060093, -0.0054191
0000000, 0.0108944, -0.0042009
0000000, 0.0148045, -0.0025697
0000000, 0.0161802, 0.0029576
0000000, 0.0192610, 0.0081718
0000000, 0.0193679, 0.0162833
0000000, 0.0193816, 0.0221395
0000000, 0.0186956, 0.0318421
0000000, 0.0163739, 0.0399606
0000000, 0.0115773, 0.0466791
0000000, 0.0076288, 0.0543245
0000000, 0.0068162, 0.0596969
0000000, 0.0070345, 0.0629396
0000000, 0.0071042, 0.0658538
0000000, 0.0092783, 0.0665201
0000000, 0.0121633, 0.0717190
0000000, 0.0148279, 0.0765523
0000000, 0.0153423, 0.0794796
0000000, 0.0202383, 0.0811533
0000000, 0.0233242, 0.0817064
0000000, 0.0189967, 0.0807929
0000000, 0.0119596, 0.0751299
0000000, 0.0065669, 0.0767276
0000000, 0.0022410, 0.0732504
0000000, 0.0023432, 0.0635654
0000000, 0.0038910, 0.0594854
0000000, -0.0005066, 0.0534735
0000000, -0.0138049, 0.0467811
0000000, -0.0187533, 0.0424163
0000000, -0.0236930, 0.0424725
0000000, -0.0282656, 0.0392733
0000000, -0.0276769, 0.0387478
0000000, -0.0275554, 0.0382529
0000000, -0.0362764, 0.0343404
0000000, -0.0470143, 0.0239033
0000000, -0.0476841, 0.0178325
0000000, -0.0488621, 0.0151069
0000000, -0.0489203, 0.0093497
0000000, -0.0498121, 0.0071214
0000000, -0.0540484, 0.0033419
0000000, -0.0605683, 0.0024162
0000000, -0.0636988, 0.0030359
0000000, -0.0612882, 0.0072281
0000000, -0.0633184, 0.0057320
0000000, -0.0662014, 0.0010625
0000000, -0.0702089, -0.0040721
0000000, -0.0765143, -0.0095701
0000000, -0.0743374, -0.0054891
0000000, -0.0736585, -0.0099006
0000000, -0.0701735, -0.0185120
0000000, -0.0697627, -0.0247704
0000000, -0.0638289, -0.0282410
0000000, -0.0585397, -0.0240050
0000000, -0.0558264, -0.0246585
0000000, -0.0485541, -0.0241382
0000000, -0.0387776, -0.0194354
0000000, -0.0272284, -0.0117363
0000000, -0.0177841, -0.0068550
0000000, -0.0090355, -0.0058704
0000000, -0.0007943, -0.0121433
0000000, 0.0004084, -0.0129591
0000000, 0.0023729, -0.0143432
0000000, 0.0006297, -0.0178660
0000000, -0.0038475, -0.0167828
0000000, -0.0078780, -0.0152515
0000000, -0.0061807, -0.0115527
0000000, -0.0053372, -0.0063587
0000000, -0.0029547, -0.0072548
0000000, -0.0031233, -0.0056747
0000000, -0.0041136, -0.0080548
0000000, -0.0061133, -0.0084755
0000000, -0.0079188, -0.0067485
0000000, -0.0063931, -0.0107581
0000000, -0.0056209, -0.0156884
0000000, -0.0053881, -0.0204044
0000000, -0.0044458, -0.0256183
0000000, -0.0046148, -0.0304739
0000000, -0.0038450, -0.0314366
0000000, 0.0010360, -0.0313357
0000000, 0.0033096, -0.0317029
0000000, 0.0089810, -0.0303310
0000000, 0.0097150, -0.0244163
0000000, 0.0113847, -0.0222116
0000000, 0.0131102, -0.0168271
0000000, 0.0125226, -0.0130661
0000000, 0.0119884, -0.0080989
0000000, 0.0109978, -0.0068816
0000000, 0.0076278, -0.0090707
0000000, 0.0057641, -0.0101922
0000000, 0.0059296, -0.0123584
0000000, 0.0062110, -0.0133965
0000000, 0.0083092, -0.0134188
0000000, 0.0090416, -0.0156556
0000000, 0.0128992, -0.0154058
0000000, 0.0144561, -0.0177961
0000000, 0.0137944, -0.0197983
0000000, 0.0129576, -0.0213162
0000000, 0.0107554, -0.0168135
0000000, 0.0093166, -0.0154273
0000000, 0.0120278, -0.0143320
0000000, 0.0122949, -0.0148427
0000000, 0.0148320, -0.0103464
0000000, 0.0199147, -0.0049442
0000000, 0.0237320, -0.0009550
0000000, 0.0230267, 0.0030166
0000000, 0.0227854, 0.0018935
0000000, 0.0194821, 0.0005447
0000000, 0.0148376, 0.0015345
0000000, 0.0139999, 0.0041108
0000000, 0.0183989, 0.0081680
0000000, 0.0182066, 0.0069996
0000000, 0.0167860, 0.0061317
0000000, 0.0155820, 0.0064117
0000000, 0.0174056, 0.0078555
0000000, 0.0131996, 0.0085490
0000000, 0.0137306, 0.0131097
0000000, 0.0205981, 0.0259177
0000000, 0.0274857, 0.0373551
0000000, 0.0300719, 0.0426859
0000000, 0.0327990, 0.0432169
0000000, 0.0332965, 0.0388691
0000000, 0.0282317, 0.0263263
0000000, 0.0212164, 0.0168843
0000000, 0.0160422, 0.0052344
0000000, 0.0142851, 0.0005703
0000000, 0.0174806, -0.0017042
0000000, 0.0189121, -0.0041556
0000000, 0.0216351, -0.0039964
0000000, 0.0256932, -0.0050563
0000000, 0.0269040, -0.0041240
0000000, 0.0280781, -0.0018150
0000000, 0.0282876, -0.0052242
0000000, 0.0278792, -0.0131137
0000000, 0.0266188, -0.0180897
0000000, 0.0213629, -0.0215950
0000000, 0.0144789, -0.0246863
0000000, 0.0086422, -0.0238940
0000000, 0.0042155, -0.0218686
0000000, 0.0027627, -0.0208565
0000000, -0.0001300, -0.0187488
0000000, -0.0003563, -0.0178783
0000000, -0.0016400, -0.0136748
0000000, -0.0024648, -0.0125196
0000000, -0.0002248, -0.0117735
0000000, 0.0007124, -0.0138097
0000000, 0.0038446, -0.0132466
0000000, 0.0062192, -0.0116773
0000000, 0.0081992, -0.0078696
0000000, 0.0095976, -0.0069363
0000000, 0.0104814, -0.0106893
0000000, 0.0116018, -0.0141749
0000000, 0.0094977, -0.0183559
0000000, 0.0106892, -0.0173297
0000000, 0.0115313, -0.0136861
0000000, 0.0128493, -0.0070966
0000000, 0.0140096, -0.0025654
0000000, -0.0021971, -0.0077971
0000000, -0.0005592, -0.0086109
0000000, 0.0004591, -0.0094621
0000000, 0.0031662, -0.0110481
0000000, 0.0050165, -0.0138915
0000000, 0.0076007, -0.0159482
0000000, 0.0077689, -0.0173222
0000000, 0.0054578, -0.0161602
0000000, 0.0061641, -0.0199430
0000000, 0.0052680, -0.0215999
0000000, 0.0058024, -0.0253749
0000000, 0.0070847, -0.0317010
0000000, 0.0077763, -0.0342496
0000000, 0.0080655, -0.0317303
0000000, 0.0088386, -0.0312035
0000000, 0.0081560, -0.0267227
0000000, 0.0103208, -0.0295069
0000000, 0.0115907, -0.0287517
0000000, 0.0107080, -0.0228802
0000000, 0.0080868, -0.0179382
0000000, 0.0131966, -0.0220381
0000000, 0.0150175, -0.0251659
0000000, 0.0216545, -0.0259152
0000000, 0.0230057, -0.0289057
0000000, 0.0283597, -0.0316145
0000000, 0.0298025, -0.0317419
0000000, 0.0335334, -0.0338924
0000000, 0.0383850, -0.0377202
0000000, 0.0425831, -0.0428650
0000000, 0.0450569, -0.0464980
0000000, 0.0471066, -0.0492679
0000000, 0.0485844, -0.0502094
0000000, 0.0501161, -0.0517634
0000000, 0.0514023, -0.0516795
0000000, 0.0531660, -0.0519499
0000000, 0.0547922, -0.0526378
0000000, 0.0561295, -0.0521524
0000000, 0.0578799, -0.0501172
0000000, 0.0597268, -0.0473472
0000000, 0.0642470, -0.0443055
0000000, 0.0673261, -0.0417855
0000000, 0.0728438, -0.0357511
0000000, 0.0748773, -0.0300474
0000000, 0.0774782, -0.0257216
0000000, 0.0798254, -0.0212997
0000000, 0.0827583, -0.0162516
0000000, 0.0834212, -0.0108251
0000000, 0.0838547, -0.0063759
0000000, 0.0829526, -0.0007946
0000000, 0.0799566, 0.0057999
0000000, 0.0853430, 0.0133815
0000000, 0.0894046, 0.0223454
0000000, 0.0946712, 0.0292377
0000000, 0.0972079, 0.0345177
0000000, 0.0975683, 0.0379198
0000000, 0.0967718, 0.0377132
0000000, 0.0951873, 0.0425522
0000000, 0.0943113, 0.0485724
0000000, 0.0939327, 0.0559915
0000000, 0.0919295, 0.0617453
0000000, 0.0922952, 0.0685439
0000000, 0.0884535, 0.0716514
0000000, 0.0831093, 0.0724722
0000000, 0.0845869, 0.0818614
0000000, 0.0784893, 0.0804216
0000000, 0.0754404, 0.0833955
0000000, 0.0743512, 0.0863205
0000000, 0.0739040, 0.0900501
0000000, 0.0698946, 0.0924278
0000000, 0.0670569, 0.0988211
0000000, 0.0613160, 0.1019251
0000000, 0.0546447, 0.1020741
0000000, 0.0474861, 0.0990724
0000000, 0.0414796, 0.0979352
0000000, 0.0353807, 0.0965724
0000000, 0.0291372, 0.0927289
0000000, 0.0207807, 0.0929167
0000000, 0.0113843, 0.0932394
0000000, 0.0022942, 0.0945884
0000000, -0.0071949, 0.0958274
0000000, -0.0146323, 0.0977780
0000000, -0.0198193, 0.1015068
0000000, -0.0243339, 0.1044525
0000000, -0.0285310, 0.1059695
0000000, -0.0311189, 0.1043962
0000000, -0.0325616, 0.1016587
0000000, -0.0337581, 0.0981553
0000000, -0.0349654, 0.0947135
0000000, -0.0376544, 0.0908541
0000000, -0.0405985, 0.0878805
0000000, -0.0441400, 0.0842754
0000000, -0.0484458, 0.0817185
0000000, -0.0511803, 0.0802065
0000000, -0.0533204, 0.0791396
0000000, -0.0557815, 0.0784078
0000000, -0.0582854, 0.0775889
0000000, -0.0613753, 0.0766940
0000000, -0.0643642, 0.0758118
0000000, -0.0677216, 0.0751415
0000000, -0.0709063, 0.0734609
0000000, -0.0730631, 0.0706019
0000000, -0.0747538, 0.0658683
0000000, -0.0757526, 0.0613014
0000000, -0.0761517, 0.0554811
0000000, -0.0757394, 0.0487328
0000000, -0.0748938, 0.0430922
0000000, -0.0754230, 0.0377318
0000000, -0.0764097, 0.0340190
0000000, -0.0757539, 0.0303013
0000000, -0.0752576, 0.0265170
0000000, -0.0744238, 0.0237160
0000000, -0.0749824, 0.0220344
0000000, -0.0747227, 0.0200804
0000000, -0.0756570, 0.0186969
0000000, -0.0761974, 0.0173788
0000000, -0.0764203, 0.0157749
0000000, -0.0774082, 0.0140315
0000000, -0.0782792, 0.0104551
0000000, -0.0786130, 0.0064398
0000000, -0.0784598, 0.0042753
0000000, -0.0788545, 0.0009884
0000000, -0.0787080, -0.0022393
0000000, -0.0795780, -0.0064293
0000000, -0.0784382, -0.0096524
0000000, -0.0770473, -0.0123788
0000000, -0.0758940, -0.0146469
0000000, -0.0742464, -0.0173841
0000000, -0.0728145, -0.0191996
0000000, -0.0710112, -0.0198942
0000000, -0.0684151, -0.0212522
0000000, -0.0658130, -0.0209474
0000000, -0.0635532, -0.0201063
0000000, -0.0585999, -0.0184040
0000000, -0.0547196, -0.0152851
0000000, -0.0510722, -0.0137846
0000000, -0.0481821, -0.0131416
0000000, -0.0413140, -0.0125831
0000000, -0.0421345, -0.0138718
0000000, -0.0354285, -0.0096805
0000000, -0.0338676, -0.0083644
0000000, -0.0277770, -0.0068918
0000000, -0.0272077, -0.0083631
0000000, -0.0234537, -0.0051179
0000000, -0.0205163, -0.0031155
0000000, -0.0144482, 0.0006528
0000000, -0.0186747, 0.0038335
0000000, -0.0185633, 0.0059586
0000000, -0.0234004, 0.0067347
0000000, -0.0272678, 0.0091429
0000000, -0.0293899, 0.0141676
0000000, -0.0297563, 0.0190003
0000000, -0.0296171, 0.0212778
0000000, -0.0308470, 0.0232563
0000000, -0.0313765, 0.0253818
0000000, -0.0303511, 0.0259825
0000000, -0.0275150, 0.0239700
0000000, -0.0255857, 0.0226353
0000000, -0.0274326, 0.0225693
0000000, -0.0216127, 0.0174835
0000000, -0.0217156, 0.0121062
0000000, -0.0212258, 0.0093632
0000000, -0.0210030, 0.0056419
0000000, -0.0202229, 0.0043079
0000000, -0.0194985, 0.0040643
0000000, -0.0207014, 0.0030112
0000000, -0.0206826, 0.0025077
0000000, -0.0201487, 0.0017894
0000000, -0.0194445, 0.0003122
0000000, -0.0182001, -0.0009872
0000000, -0.0180607, -0.0019198
0000000, -0.0174999, -0.0027396
0000000, -0.0158332, -0.0025520
0000000, -0.0152030, -0.0031905
0000000, -0.0128199, -0.0049890
0000000, -0.0129269, -0.0057833
0000000, -0.0129765, -0.0078206
0000000, -0.0113651, -0.0085223
0000000, -0.0092902, -0.0089820
0000000, -0.0065774, -0.0082560
0000000, -0.0042079, -0.0075538
0000000, 0.0028949, 0.0717475
0000000, 0.0020477, 0.0740042
0000000, 0.0013952, 0.0751057
0000000, -0.0001410, 0.0766306
0000000, -0.0011871, 0.0771106
0000000, -0.0016004, 0.0784552
0000000, -0.0020650, 0.0797125
0000000, -0.0031967, 0.0789673
0000000, -0.0038007, 0.0782780
0000000, -0.0048743, 0.0769620
0000000, -0.0061659, 0.0755359
0000000, -0.0075576, 0.0742095
0000000, -0.0093644, 0.0729589
0000000, -0.0113636, 0.0717272
0000000, -0.0138630, 0.0716164
0000000, -0.0159154, 0.0723153
0000000, -0.0179287, 0.0717372
0000000, -0.0205832, 0.0707411
0000000, -0.0231215, 0.0687385
0000000, -0.0254682, 0.0674707
0000000, -0.0271487, 0.0671876
0000000, -0.0291805, 0.0670156
0000000, -0.0308421, 0.0676763
0000000, -0.0338238, 0.0686425
0000000, -0.0379787, 0.0693127
0000000, -0.0413315, 0.0719788
0000000, -0.0442730, 0.0760760
0000000, -0.0468631, 0.0791409
0000000, -0.0497267, 0.0821222
0000000, -0.0524890, 0.0844368
0000000, -0.0554122, 0.0858440
0000000, -0.0569159, 0.0857193
0000000, -0.0576832, 0.0845269
0000000, -0.0573713, 0.0822567
0000000, -0.0557008, 0.0798383
0000000, -0.0546123, 0.0765575
0000000, -0.0539647, 0.0730493
0000000, -0.0538623, 0.0698124
0000000, -0.0544287, 0.0658887
0000000, -0.0538607, 0.0609713
0000000, -0.0541330, 0.0548169
0000000, -0.0548866, 0.0486417
0000000, -0.0550875, 0.0413118
0000000, -0.0566700, 0.0355537
0000000, -0.0572551, 0.0296839
0000000, -0.0569676, 0.0247229
0000000, -0.0556190, 0.0197103
0000000, -0.0547864, 0.0155675
0000000, -0.0530469, 0.0131902
0000000, -0.0526139, 0.0113700
0000000, -0.0531400, 0.0092163
0000000, -0.0526528, 0.0073279
0000000, -0.0518623, 0.0041796
0000000, -0.0511060, 0.0005476
0000000, -0.0496786, -0.0037080
0000000, -0.0485526, -0.0073480
0000000, -0.0478823, -0.0113021
0000000, -0.0471416, -0.0150678
0000000, -0.0453955, -0.0173601
0000000, -0.0431102, -0.0195028
0000000, -0.0422069, -0.0215701
0000000, -0.0402149, -0.0232364
0000000, -0.0394530, -0.0242253
0000000, -0.0385248, -0.0258394
0000000, -0.0362058, -0.0269395
0000000, -0.0338052, -0.0279152
0000000, -0.0316260, -0.0291019
0000000, -0.0305689, -0.0301980
0000000, -0.0279158, -0.0316015
0000000, -0.0252952, -0.0330075
0000000, -0.0211748, -0.0345627
0000000, -0.0180543, -0.0365047
0000000, -0.0143949, -0.0373678
0000000, -0.0111619, -0.0376579
0000000, -0.0087013, -0.0368596
0000000, -0.0052395, -0.0348683
0000000, -0.0022591, -0.0326854
0000000, 0.0002384, -0.0312943
0000000, 0.0027319, -0.0293342
0000000, 0.0055235, -0.0280458
0000000, 0.0076691, -0.0279545
0000000, 0.0094069, -0.0283756
0000000, 0.0103637, -0.0287967
0000000, 0.0108347, -0.0308076
0000000, 0.0115050, -0.0338154
0000000, 0.0127402, -0.0361456
0000000, 0.0141968, -0.0372108
0000000, 0.0162899, -0.0373471
0000000, 0.0188732, -0.0365052
0000000, 0.0206872, -0.0365730
0000000, 0.0225107, -0.0350843
0000000, 0.0241284, -0.0335554
0000000, 0.0256887, -0.0316177
0000000, 0.0272853, -0.0295563
0000000, 0.0296308, -0.0273937
0000000, 0.0324122, -0.0256922
0000000, 0.0349845, -0.0247802
0000000, 0.0375963, -0.0243725
0000000, 0.0403546, -0.0245975
0000000, 0.0429477, -0.0246714
0000000, 0.0443098, -0.0238232
0000000, 0.0454984, -0.0224381
0000000, 0.0463057, -0.0219076
0000000, 0.0464032, -0.0213234
0000000, 0.0470745, -0.0200959
0000000, 0.0476584, -0.0185093
0000000, 0.0493549, -0.0168837
0000000, 0.0514434, -0.0158374
0000000, 0.0529618, -0.0142690
0000000, 0.0543270, -0.0118182
0000000, 0.0565354, -0.0094727
0000000, 0.0598185, -0.0066761
0000000, 0.0628625, -0.0046552
0000000, 0.0662917, -0.0024993
0000000, 0.0694096, -0.0001610
0000000, 0.0719798, 0.0027088
0000000, 0.0752236, 0.0059281
0000000, 0.0779036, 0.0085256
0000000, 0.0790733, 0.0103443
0000000, 0.0796853, 0.0125022
0000000, 0.0800716, 0.0145307
0000000, 0.0806099, 0.0175104
0000000, 0.0811737, 0.0197527
0000000, 0.0819869, 0.0228822
0000000, 0.0817448, 0.0265555
0000000, 0.0823489, 0.0308761
0000000, 0.0814771, 0.0344961
0000000, 0.0790019, 0.0373905
0000000, 0.0762304, 0.0392211
0000000, 0.0743682, 0.0423141
0000000, 0.0728766, 0.0457503
0000000, 0.0716002, 0.0504831
0000000, 0.0704673, 0.0561283
0000000, 0.0680355, 0.0605046
0000000, 0.0645876, 0.0646959
0000000, 0.0609312, 0.0681866
0000000, 0.0571889, 0.0708453
0000000, 0.0535691, 0.0728845
0000000, 0.0516024, 0.0739167
0000000, 0.0505839, 0.0735151
0000000, 0.0506064, 0.0704323
0000000, 0.0502723, 0.0671362
0000000, 0.0497925, 0.0621432
0000000, 0.0480274, 0.0569774
0000000, 0.0460005, 0.0514016
0000000, 0.0442514, 0.0482487
0000000, 0.0423567, 0.0438034
0000000, 0.0407560, 0.0421287
0000000, 0.0409894, 0.0419296
0000000, 0.0399808, 0.0408940
0000000, 0.0397136, 0.0406376
0000000, 0.0385121, 0.0412096
0000000, 0.0375758, 0.0405765
0000000, 0.0363269, 0.0395212
0000000, 0.0347168, 0.0383409
0000000, 0.0322993, 0.0367330
0000000, 0.0303594, 0.0353935
0000000, 0.0290349, 0.0345121
0000000, 0.0282102, 0.0343569
0000000, 0.0281360, 0.0356223
0000000, 0.0287076, 0.0380221
0000000, 0.0299799, 0.0399321
0000000, 0.0307910, 0.0416749
0000000, 0.0323866, 0.0428738
0000000, 0.0322174, 0.0445519
0000000, 0.0312166, 0.0454887
0000000, 0.0304439, 0.0474460
0000000, 0.0297119, 0.0494307
0000000, 0.0288010, 0.0521057
0000000, 0.0270465, 0.0544430
0000000, 0.0241685, 0.0562440
0000000, 0.0217776, 0.0572807
0000000, 0.0197091, 0.0584490
0000000, 0.0173831, 0.0592676
0000000, 0.0146468, 0.0596937
0000000, 0.0126860, 0.0613470
0000000, 0.0107379, 0.0631123
0000000, 0.0085521, 0.0659341
0000000, 0.0064311, 0.0677114
0000000, 0.0042790, 0.0696303
