Ntrain in def:  13124
Ntrain:  13124
Model starts
[1,     1] loss: 0.661
[1,  1601] loss: 0.274
[1,  3201] loss: 1.822
[1,  4801] loss: 1.743
[1,  6401] loss: 1.738
[1,  8001] loss: 0.871
[1,  9601] loss: 0.372
[1, 11201] loss: 0.567
[1, 12801] loss: 0.799
[2,     1] loss: 0.527
[2,  1601] loss: 0.228
[2,  3201] loss: 1.709
[2,  4801] loss: 1.540
[2,  6401] loss: 1.474
[2,  8001] loss: 0.719
[2,  9601] loss: 0.292
[2, 11201] loss: 0.446
[2, 12801] loss: 0.693
[3,     1] loss: 0.435
[3,  1601] loss: 0.193
[3,  3201] loss: 1.501
[3,  4801] loss: 1.271
[3,  6401] loss: 1.335
[3,  8001] loss: 0.522
[3,  9601] loss: 0.247
[3, 11201] loss: 0.366
[3, 12801] loss: 0.600
[4,     1] loss: 0.353
[4,  1601] loss: 0.146
[4,  3201] loss: 1.328
[4,  4801] loss: 1.145
[4,  6401] loss: 0.949
[4,  8001] loss: 0.449
[4,  9601] loss: 0.166
[4, 11201] loss: 0.265
[4, 12801] loss: 0.527
[5,     1] loss: 0.265
[5,  1601] loss: 0.138
[5,  3201] loss: 1.097
[5,  4801] loss: 0.954
[5,  6401] loss: 0.944
[5,  8001] loss: 0.365
[5,  9601] loss: 0.124
[5, 11201] loss: 0.200
[5, 12801] loss: 0.420
[6,     1] loss: 0.207
[6,  1601] loss: 0.116
[6,  3201] loss: 0.921
[6,  4801] loss: 0.948
[6,  6401] loss: 0.698
[6,  8001] loss: 0.283
[6,  9601] loss: 0.118
[6, 11201] loss: 0.223
[6, 12801] loss: 0.342
[7,     1] loss: 0.218
[7,  1601] loss: 0.091
[7,  3201] loss: 0.803
[7,  4801] loss: 0.663
[7,  6401] loss: 0.712
[7,  8001] loss: 0.232
[7,  9601] loss: 0.105
[7, 11201] loss: 0.170
[7, 12801] loss: 0.368
[8,     1] loss: 0.167
[8,  1601] loss: 0.114
[8,  3201] loss: 0.684
[8,  4801] loss: 0.601
[8,  6401] loss: 0.686
[8,  8001] loss: 0.217
[8,  9601] loss: 0.101
[8, 11201] loss: 0.188
[8, 12801] loss: 0.360
[9,     1] loss: 0.159
[9,  1601] loss: 0.109
[9,  3201] loss: 0.586
[9,  4801] loss: 0.699
[9,  6401] loss: 0.647
[9,  8001] loss: 0.212
[9,  9601] loss: 0.066
[9, 11201] loss: 0.166
[9, 12801] loss: 0.315
[10,     1] loss: 0.188
[10,  1601] loss: 0.102
[10,  3201] loss: 0.654
[10,  4801] loss: 0.675
[10,  6401] loss: 0.533
[10,  8001] loss: 0.207
[10,  9601] loss: 0.076
[10, 11201] loss: 0.201
[10, 12801] loss: 0.310
[11,     1] loss: 0.182
[11,  1601] loss: 0.093
[11,  3201] loss: 0.557
[11,  4801] loss: 0.493
[11,  6401] loss: 0.526
[11,  8001] loss: 0.197
[11,  9601] loss: 0.077
[11, 11201] loss: 0.154
[11, 12801] loss: 0.348
[12,     1] loss: 0.138
[12,  1601] loss: 0.096
[12,  3201] loss: 0.576
[12,  4801] loss: 0.649
[12,  6401] loss: 0.368
[12,  8001] loss: 0.125
[12,  9601] loss: 0.077
[12, 11201] loss: 0.144
[12, 12801] loss: 0.337
[13,     1] loss: 0.172
[13,  1601] loss: 0.067
[13,  3201] loss: 0.571
[13,  4801] loss: 0.616
[13,  6401] loss: 0.461
[13,  8001] loss: 0.177
[13,  9601] loss: 0.075
[13, 11201] loss: 0.122
[13, 12801] loss: 0.343
[14,     1] loss: 0.123
[14,  1601] loss: 0.095
[14,  3201] loss: 0.501
[14,  4801] loss: 0.509
[14,  6401] loss: 0.385
[14,  8001] loss: 0.170
[14,  9601] loss: 0.079
[14, 11201] loss: 0.151
[14, 12801] loss: 0.325
[15,     1] loss: 0.154
[15,  1601] loss: 0.074
[15,  3201] loss: 0.445
[15,  4801] loss: 0.502
[15,  6401] loss: 0.360
[15,  8001] loss: 0.194
[15,  9601] loss: 0.066
[15, 11201] loss: 0.151
[15, 12801] loss: 0.324
[16,     1] loss: 0.124
[16,  1601] loss: 0.071
[16,  3201] loss: 0.413
[16,  4801] loss: 0.570
[16,  6401] loss: 0.275
[16,  8001] loss: 0.102
[16,  9601] loss: 0.070
[16, 11201] loss: 0.112
[16, 12801] loss: 0.322
[17,     1] loss: 0.116
[17,  1601] loss: 0.067
[17,  3201] loss: 0.484
[17,  4801] loss: 0.488
[17,  6401] loss: 0.432
[17,  8001] loss: 0.135
[17,  9601] loss: 0.073
[17, 11201] loss: 0.132
[17, 12801] loss: 0.313
[18,     1] loss: 0.121
[18,  1601] loss: 0.074
[18,  3201] loss: 0.372
[18,  4801] loss: 0.500
[18,  6401] loss: 0.402
[18,  8001] loss: 0.122
[18,  9601] loss: 0.076
[18, 11201] loss: 0.109
[18, 12801] loss: 0.330
[19,     1] loss: 0.121
[19,  1601] loss: 0.068
[19,  3201] loss: 0.436
[19,  4801] loss: 0.454
[19,  6401] loss: 0.380
[19,  8001] loss: 0.148
[19,  9601] loss: 0.077
[19, 11201] loss: 0.113
[19, 12801] loss: 0.298
[20,     1] loss: 0.137
[20,  1601] loss: 0.073
[20,  3201] loss: 0.419
[20,  4801] loss: 0.410
[20,  6401] loss: 0.367
[20,  8001] loss: 0.136
[20,  9601] loss: 0.063
[20, 11201] loss: 0.130
[20, 12801] loss: 0.322
[21,     1] loss: 0.120
[21,  1601] loss: 0.066
[21,  3201] loss: 0.415
[21,  4801] loss: 0.442
[21,  6401] loss: 0.413
[21,  8001] loss: 0.119
[21,  9601] loss: 0.052
[21, 11201] loss: 0.101
[21, 12801] loss: 0.277
[22,     1] loss: 0.123
[22,  1601] loss: 0.073
[22,  3201] loss: 0.377
[22,  4801] loss: 0.445
[22,  6401] loss: 0.265
[22,  8001] loss: 0.136
[22,  9601] loss: 0.060
[22, 11201] loss: 0.118
[22, 12801] loss: 0.297
[23,     1] loss: 0.127
[23,  1601] loss: 0.068
[23,  3201] loss: 0.311
[23,  4801] loss: 0.345
[23,  6401] loss: 0.336
[23,  8001] loss: 0.095
[23,  9601] loss: 0.064
[23, 11201] loss: 0.098
[23, 12801] loss: 0.252
[24,     1] loss: 0.114
[24,  1601] loss: 0.065
[24,  3201] loss: 0.407
[24,  4801] loss: 0.407
[24,  6401] loss: 0.361
[24,  8001] loss: 0.131
[24,  9601] loss: 0.055
[24, 11201] loss: 0.147
[24, 12801] loss: 0.294
[25,     1] loss: 0.118
[25,  1601] loss: 0.073
[25,  3201] loss: 0.358
[25,  4801] loss: 0.503
[25,  6401] loss: 0.302
[25,  8001] loss: 0.119
[25,  9601] loss: 0.053
[25, 11201] loss: 0.137
[25, 12801] loss: 0.274
[26,     1] loss: 0.120
[26,  1601] loss: 0.073
[26,  3201] loss: 0.386
[26,  4801] loss: 0.478
[26,  6401] loss: 0.355
[26,  8001] loss: 0.113
[26,  9601] loss: 0.072
[26, 11201] loss: 0.095
[26, 12801] loss: 0.265
[27,     1] loss: 0.098
[27,  1601] loss: 0.059
[27,  3201] loss: 0.332
[27,  4801] loss: 0.403
[27,  6401] loss: 0.263
[27,  8001] loss: 0.132
[27,  9601] loss: 0.050
[27, 11201] loss: 0.111
[27, 12801] loss: 0.283
[28,     1] loss: 0.112
[28,  1601] loss: 0.062
[28,  3201] loss: 0.355
[28,  4801] loss: 0.331
[28,  6401] loss: 0.270
[28,  8001] loss: 0.135
[28,  9601] loss: 0.068
[28, 11201] loss: 0.105
[28, 12801] loss: 0.297
[29,     1] loss: 0.120
[29,  1601] loss: 0.053
[29,  3201] loss: 0.343
[29,  4801] loss: 0.454
[29,  6401] loss: 0.350
[29,  8001] loss: 0.104
[29,  9601] loss: 0.050
[29, 11201] loss: 0.124
[29, 12801] loss: 0.260
[30,     1] loss: 0.126
[30,  1601] loss: 0.063
[30,  3201] loss: 0.291
[30,  4801] loss: 0.332
[30,  6401] loss: 0.288
[30,  8001] loss: 0.118
[30,  9601] loss: 0.062
[30, 11201] loss: 0.104
[30, 12801] loss: 0.255
[31,     1] loss: 0.102
[31,  1601] loss: 0.063
[31,  3201] loss: 0.346
[31,  4801] loss: 0.395
[31,  6401] loss: 0.241
[31,  8001] loss: 0.100
[31,  9601] loss: 0.058
[31, 11201] loss: 0.089
[31, 12801] loss: 0.289
[32,     1] loss: 0.154
[32,  1601] loss: 0.056
[32,  3201] loss: 0.264
[32,  4801] loss: 0.319
[32,  6401] loss: 0.223
[32,  8001] loss: 0.146
[32,  9601] loss: 0.056
[32, 11201] loss: 0.105
[32, 12801] loss: 0.275
[33,     1] loss: 0.106
[33,  1601] loss: 0.046
[33,  3201] loss: 0.261
[33,  4801] loss: 0.401
[33,  6401] loss: 0.167
[33,  8001] loss: 0.084
[33,  9601] loss: 0.052
[33, 11201] loss: 0.103
[33, 12801] loss: 0.310
[34,     1] loss: 0.097
[34,  1601] loss: 0.048
[34,  3201] loss: 0.357
[34,  4801] loss: 0.465
[34,  6401] loss: 0.342
[34,  8001] loss: 0.103
[34,  9601] loss: 0.039
[34, 11201] loss: 0.090
[34, 12801] loss: 0.288
[35,     1] loss: 0.133
[35,  1601] loss: 0.059
[35,  3201] loss: 0.336
[35,  4801] loss: 0.283
[35,  6401] loss: 0.288
[35,  8001] loss: 0.090
[35,  9601] loss: 0.045
[35, 11201] loss: 0.076
[35, 12801] loss: 0.261
[36,     1] loss: 0.128
[36,  1601] loss: 0.051
[36,  3201] loss: 0.289
[36,  4801] loss: 0.413
[36,  6401] loss: 0.232
[36,  8001] loss: 0.083
[36,  9601] loss: 0.044
[36, 11201] loss: 0.071
[36, 12801] loss: 0.281
[37,     1] loss: 0.096
[37,  1601] loss: 0.050
[37,  3201] loss: 0.252
[37,  4801] loss: 0.430
[37,  6401] loss: 0.234
[37,  8001] loss: 0.147
[37,  9601] loss: 0.051
[37, 11201] loss: 0.067
[37, 12801] loss: 0.252
[38,     1] loss: 0.126
[38,  1601] loss: 0.042
[38,  3201] loss: 0.352
[38,  4801] loss: 0.401
[38,  6401] loss: 0.223
[38,  8001] loss: 0.117
[38,  9601] loss: 0.059
[38, 11201] loss: 0.105
[38, 12801] loss: 0.256
[39,     1] loss: 0.111
[39,  1601] loss: 0.054
[39,  3201] loss: 0.278
[39,  4801] loss: 0.353
[39,  6401] loss: 0.218
[39,  8001] loss: 0.090
[39,  9601] loss: 0.049
[39, 11201] loss: 0.102
[39, 12801] loss: 0.250
[40,     1] loss: 0.090
[40,  1601] loss: 0.042
[40,  3201] loss: 0.289
[40,  4801] loss: 0.252
[40,  6401] loss: 0.362
[40,  8001] loss: 0.106
[40,  9601] loss: 0.048
[40, 11201] loss: 0.074
[40, 12801] loss: 0.229
[41,     1] loss: 0.087
[41,  1601] loss: 0.040
[41,  3201] loss: 0.239
[41,  4801] loss: 0.367
[41,  6401] loss: 0.251
[41,  8001] loss: 0.090
[41,  9601] loss: 0.062
[41, 11201] loss: 0.073
[41, 12801] loss: 0.256
[42,     1] loss: 0.096
[42,  1601] loss: 0.036
[42,  3201] loss: 0.310
[42,  4801] loss: 0.267
[42,  6401] loss: 0.242
[42,  8001] loss: 0.075
[42,  9601] loss: 0.054
[42, 11201] loss: 0.079
[42, 12801] loss: 0.236
[43,     1] loss: 0.111
[43,  1601] loss: 0.037
[43,  3201] loss: 0.344
[43,  4801] loss: 0.378
[43,  6401] loss: 0.339
[43,  8001] loss: 0.102
[43,  9601] loss: 0.035
[43, 11201] loss: 0.102
[43, 12801] loss: 0.228
[44,     1] loss: 0.078
[44,  1601] loss: 0.042
[44,  3201] loss: 0.327
[44,  4801] loss: 0.286
[44,  6401] loss: 0.297
[44,  8001] loss: 0.124
[44,  9601] loss: 0.042
[44, 11201] loss: 0.089
[44, 12801] loss: 0.259
[45,     1] loss: 0.140
[45,  1601] loss: 0.034
[45,  3201] loss: 0.313
[45,  4801] loss: 0.363
[45,  6401] loss: 0.205
[45,  8001] loss: 0.127
[45,  9601] loss: 0.036
[45, 11201] loss: 0.084
[45, 12801] loss: 0.240
[46,     1] loss: 0.118
[46,  1601] loss: 0.036
[46,  3201] loss: 0.321
[46,  4801] loss: 0.335
[46,  6401] loss: 0.251
[46,  8001] loss: 0.136
[46,  9601] loss: 0.042
[46, 11201] loss: 0.100
[46, 12801] loss: 0.279
[47,     1] loss: 0.098
[47,  1601] loss: 0.046
[47,  3201] loss: 0.296
[47,  4801] loss: 0.294
[47,  6401] loss: 0.238
[47,  8001] loss: 0.107
[47,  9601] loss: 0.038
[47, 11201] loss: 0.066
[47, 12801] loss: 0.287
[48,     1] loss: 0.097
[48,  1601] loss: 0.037
[48,  3201] loss: 0.333
[48,  4801] loss: 0.442
[48,  6401] loss: 0.265
[48,  8001] loss: 0.069
[48,  9601] loss: 0.043
[48, 11201] loss: 0.080
[48, 12801] loss: 0.256
[49,     1] loss: 0.086
[49,  1601] loss: 0.028
[49,  3201] loss: 0.354
[49,  4801] loss: 0.286
[49,  6401] loss: 0.227
[49,  8001] loss: 0.102
[49,  9601] loss: 0.042
[49, 11201] loss: 0.078
[49, 12801] loss: 0.254
[50,     1] loss: 0.100
[50,  1601] loss: 0.034
[50,  3201] loss: 0.214
[50,  4801] loss: 0.268
[50,  6401] loss: 0.222
[50,  8001] loss: 0.119
[50,  9601] loss: 0.053
[50, 11201] loss: 0.107
[50, 12801] loss: 0.264
[51,     1] loss: 0.100
[51,  1601] loss: 0.039
[51,  3201] loss: 0.221
[51,  4801] loss: 0.250
[51,  6401] loss: 0.200
[51,  8001] loss: 0.067
[51,  9601] loss: 0.037
[51, 11201] loss: 0.082
[51, 12801] loss: 0.247
[52,     1] loss: 0.094
[52,  1601] loss: 0.044
[52,  3201] loss: 0.273
[52,  4801] loss: 0.330
[52,  6401] loss: 0.273
[52,  8001] loss: 0.094
[52,  9601] loss: 0.048
[52, 11201] loss: 0.079
[52, 12801] loss: 0.208
[53,     1] loss: 0.095
[53,  1601] loss: 0.029
[53,  3201] loss: 0.208
[53,  4801] loss: 0.330
[53,  6401] loss: 0.221
[53,  8001] loss: 0.120
[53,  9601] loss: 0.037
[53, 11201] loss: 0.074
[53, 12801] loss: 0.227
[54,     1] loss: 0.079
[54,  1601] loss: 0.033
[54,  3201] loss: 0.269
[54,  4801] loss: 0.286
[54,  6401] loss: 0.251
[54,  8001] loss: 0.112
[54,  9601] loss: 0.038
[54, 11201] loss: 0.112
[54, 12801] loss: 0.233
[55,     1] loss: 0.101
[55,  1601] loss: 0.029
[55,  3201] loss: 0.271
[55,  4801] loss: 0.286
[55,  6401] loss: 0.285
[55,  8001] loss: 0.098
[55,  9601] loss: 0.036
[55, 11201] loss: 0.060
[55, 12801] loss: 0.228
[56,     1] loss: 0.093
[56,  1601] loss: 0.042
[56,  3201] loss: 0.227
[56,  4801] loss: 0.358
[56,  6401] loss: 0.240
[56,  8001] loss: 0.103
[56,  9601] loss: 0.038
[56, 11201] loss: 0.075
[56, 12801] loss: 0.280
[57,     1] loss: 0.116
[57,  1601] loss: 0.038
[57,  3201] loss: 0.238
[57,  4801] loss: 0.299
[57,  6401] loss: 0.169
[57,  8001] loss: 0.125
[57,  9601] loss: 0.034
[57, 11201] loss: 0.063
[57, 12801] loss: 0.248
[58,     1] loss: 0.099
[58,  1601] loss: 0.024
[58,  3201] loss: 0.211
[58,  4801] loss: 0.369
[58,  6401] loss: 0.206
[58,  8001] loss: 0.145
[58,  9601] loss: 0.029
[58, 11201] loss: 0.083
[58, 12801] loss: 0.272
[59,     1] loss: 0.096
[59,  1601] loss: 0.036
[59,  3201] loss: 0.301
[59,  4801] loss: 0.350
[59,  6401] loss: 0.242
[59,  8001] loss: 0.103
[59,  9601] loss: 0.035
[59, 11201] loss: 0.056
[59, 12801] loss: 0.250
[60,     1] loss: 0.080
[60,  1601] loss: 0.038
[60,  3201] loss: 0.227
[60,  4801] loss: 0.326
[60,  6401] loss: 0.256
[60,  8001] loss: 0.085
[60,  9601] loss: 0.048
[60, 11201] loss: 0.093
[60, 12801] loss: 0.244
[61,     1] loss: 0.086
[61,  1601] loss: 0.039
[61,  3201] loss: 0.129
[61,  4801] loss: 0.299
[61,  6401] loss: 0.216
[61,  8001] loss: 0.089
[61,  9601] loss: 0.032
[61, 11201] loss: 0.041
[61, 12801] loss: 0.250
[62,     1] loss: 0.085
[62,  1601] loss: 0.032
[62,  3201] loss: 0.222
[62,  4801] loss: 0.327
[62,  6401] loss: 0.229
[62,  8001] loss: 0.078
[62,  9601] loss: 0.043
[62, 11201] loss: 0.039
[62, 12801] loss: 0.258
[63,     1] loss: 0.079
[63,  1601] loss: 0.030
[63,  3201] loss: 0.237
[63,  4801] loss: 0.254
[63,  6401] loss: 0.214
[63,  8001] loss: 0.113
[63,  9601] loss: 0.040
[63, 11201] loss: 0.067
[63, 12801] loss: 0.235
[64,     1] loss: 0.098
[64,  1601] loss: 0.032
[64,  3201] loss: 0.252
[64,  4801] loss: 0.342
[64,  6401] loss: 0.224
[64,  8001] loss: 0.094
[64,  9601] loss: 0.043
[64, 11201] loss: 0.045
[64, 12801] loss: 0.246
[65,     1] loss: 0.075
[65,  1601] loss: 0.040
[65,  3201] loss: 0.197
[65,  4801] loss: 0.304
[65,  6401] loss: 0.220
[65,  8001] loss: 0.107
[65,  9601] loss: 0.053
[65, 11201] loss: 0.065
[65, 12801] loss: 0.207
[66,     1] loss: 0.088
[66,  1601] loss: 0.040
[66,  3201] loss: 0.224
[66,  4801] loss: 0.289
[66,  6401] loss: 0.212
[66,  8001] loss: 0.076
[66,  9601] loss: 0.043
[66, 11201] loss: 0.054
[66, 12801] loss: 0.309
[67,     1] loss: 0.098
[67,  1601] loss: 0.026
[67,  3201] loss: 0.241
[67,  4801] loss: 0.384
[67,  6401] loss: 0.194
[67,  8001] loss: 0.091
[67,  9601] loss: 0.045
[67, 11201] loss: 0.077
[67, 12801] loss: 0.236
[68,     1] loss: 0.070
[68,  1601] loss: 0.031
[68,  3201] loss: 0.231
[68,  4801] loss: 0.237
[68,  6401] loss: 0.287
[68,  8001] loss: 0.116
[68,  9601] loss: 0.029
[68, 11201] loss: 0.075
[68, 12801] loss: 0.250
[69,     1] loss: 0.106
[69,  1601] loss: 0.030
[69,  3201] loss: 0.240
[69,  4801] loss: 0.345
[69,  6401] loss: 0.185
[69,  8001] loss: 0.103
[69,  9601] loss: 0.028
[69, 11201] loss: 0.052
[69, 12801] loss: 0.238
[70,     1] loss: 0.090
[70,  1601] loss: 0.036
[70,  3201] loss: 0.188
[70,  4801] loss: 0.209
[70,  6401] loss: 0.242
[70,  8001] loss: 0.075
[70,  9601] loss: 0.038
[70, 11201] loss: 0.060
[70, 12801] loss: 0.237
[71,     1] loss: 0.082
[71,  1601] loss: 0.024
[71,  3201] loss: 0.207
[71,  4801] loss: 0.367
[71,  6401] loss: 0.256
[71,  8001] loss: 0.097
[71,  9601] loss: 0.024
[71, 11201] loss: 0.075
[71, 12801] loss: 0.274
[72,     1] loss: 0.087
[72,  1601] loss: 0.027
[72,  3201] loss: 0.231
[72,  4801] loss: 0.231
[72,  6401] loss: 0.343
[72,  8001] loss: 0.101
[72,  9601] loss: 0.062
[72, 11201] loss: 0.053
[72, 12801] loss: 0.248
[73,     1] loss: 0.080
[73,  1601] loss: 0.033
[73,  3201] loss: 0.232
[73,  4801] loss: 0.361
[73,  6401] loss: 0.218
[73,  8001] loss: 0.125
[73,  9601] loss: 0.043
[73, 11201] loss: 0.085
[73, 12801] loss: 0.224
[74,     1] loss: 0.112
[74,  1601] loss: 0.036
[74,  3201] loss: 0.210
[74,  4801] loss: 0.264
[74,  6401] loss: 0.207
[74,  8001] loss: 0.081
[74,  9601] loss: 0.036
[74, 11201] loss: 0.063
[74, 12801] loss: 0.246
[75,     1] loss: 0.112
[75,  1601] loss: 0.032
[75,  3201] loss: 0.255
[75,  4801] loss: 0.246
[75,  6401] loss: 0.172
[75,  8001] loss: 0.105
[75,  9601] loss: 0.032
[75, 11201] loss: 0.085
[75, 12801] loss: 0.208
[76,     1] loss: 0.068
[76,  1601] loss: 0.034
[76,  3201] loss: 0.251
[76,  4801] loss: 0.292
[76,  6401] loss: 0.243
[76,  8001] loss: 0.129
[76,  9601] loss: 0.037
[76, 11201] loss: 0.050
[76, 12801] loss: 0.231
[77,     1] loss: 0.101
[77,  1601] loss: 0.026
[77,  3201] loss: 0.281
[77,  4801] loss: 0.366
[77,  6401] loss: 0.218
[77,  8001] loss: 0.075
[77,  9601] loss: 0.033
[77, 11201] loss: 0.063
[77, 12801] loss: 0.241
[78,     1] loss: 0.089
[78,  1601] loss: 0.038
[78,  3201] loss: 0.271
[78,  4801] loss: 0.264
[78,  6401] loss: 0.212
[78,  8001] loss: 0.096
[78,  9601] loss: 0.041
[78, 11201] loss: 0.091
[78, 12801] loss: 0.292
[79,     1] loss: 0.086
[79,  1601] loss: 0.040
[79,  3201] loss: 0.246
[79,  4801] loss: 0.404
[79,  6401] loss: 0.301
[79,  8001] loss: 0.090
[79,  9601] loss: 0.031
[79, 11201] loss: 0.072
[79, 12801] loss: 0.236
[80,     1] loss: 0.106
[80,  1601] loss: 0.028
[80,  3201] loss: 0.257
[80,  4801] loss: 0.342
[80,  6401] loss: 0.233
[80,  8001] loss: 0.090
[80,  9601] loss: 0.029
[80, 11201] loss: 0.065
[80, 12801] loss: 0.211
[81,     1] loss: 0.081
[81,  1601] loss: 0.028
[81,  3201] loss: 0.139
[81,  4801] loss: 0.258
[81,  6401] loss: 0.187
[81,  8001] loss: 0.135
[81,  9601] loss: 0.029
[81, 11201] loss: 0.071
[81, 12801] loss: 0.279
[82,     1] loss: 0.126
[82,  1601] loss: 0.034
[82,  3201] loss: 0.222
[82,  4801] loss: 0.275
[82,  6401] loss: 0.160
[82,  8001] loss: 0.080
[82,  9601] loss: 0.050
[82, 11201] loss: 0.064
[82, 12801] loss: 0.253
[83,     1] loss: 0.072
[83,  1601] loss: 0.033
[83,  3201] loss: 0.214
[83,  4801] loss: 0.293
[83,  6401] loss: 0.328
[83,  8001] loss: 0.118
[83,  9601] loss: 0.045
[83, 11201] loss: 0.089
[83, 12801] loss: 0.210
[84,     1] loss: 0.126
[84,  1601] loss: 0.034
[84,  3201] loss: 0.260
[84,  4801] loss: 0.331
[84,  6401] loss: 0.169
[84,  8001] loss: 0.090
[84,  9601] loss: 0.027
[84, 11201] loss: 0.064
[84, 12801] loss: 0.278
[85,     1] loss: 0.089
[85,  1601] loss: 0.034
[85,  3201] loss: 0.185
[85,  4801] loss: 0.266
[85,  6401] loss: 0.291
[85,  8001] loss: 0.085
[85,  9601] loss: 0.033
[85, 11201] loss: 0.062
[85, 12801] loss: 0.228
[86,     1] loss: 0.066
[86,  1601] loss: 0.021
[86,  3201] loss: 0.180
[86,  4801] loss: 0.250
[86,  6401] loss: 0.238
[86,  8001] loss: 0.123
[86,  9601] loss: 0.036
[86, 11201] loss: 0.083
[86, 12801] loss: 0.243
[87,     1] loss: 0.093
[87,  1601] loss: 0.037
[87,  3201] loss: 0.159
[87,  4801] loss: 0.243
[87,  6401] loss: 0.275
[87,  8001] loss: 0.079
[87,  9601] loss: 0.046
[87, 11201] loss: 0.033
[87, 12801] loss: 0.239
[88,     1] loss: 0.091
[88,  1601] loss: 0.038
[88,  3201] loss: 0.178
[88,  4801] loss: 0.256
[88,  6401] loss: 0.182
[88,  8001] loss: 0.145
[88,  9601] loss: 0.035
[88, 11201] loss: 0.088
[88, 12801] loss: 0.221
[89,     1] loss: 0.093
[89,  1601] loss: 0.031
[89,  3201] loss: 0.181
[89,  4801] loss: 0.278
[89,  6401] loss: 0.179
[89,  8001] loss: 0.072
[89,  9601] loss: 0.046
[89, 11201] loss: 0.067
[89, 12801] loss: 0.247
[90,     1] loss: 0.105
[90,  1601] loss: 0.028
[90,  3201] loss: 0.233
[90,  4801] loss: 0.210
[90,  6401] loss: 0.224
[90,  8001] loss: 0.083
[90,  9601] loss: 0.027
[90, 11201] loss: 0.045
[90, 12801] loss: 0.226
[91,     1] loss: 0.088
[91,  1601] loss: 0.034
[91,  3201] loss: 0.302
[91,  4801] loss: 0.243
[91,  6401] loss: 0.208
[91,  8001] loss: 0.085
[91,  9601] loss: 0.036
[91, 11201] loss: 0.084
[91, 12801] loss: 0.231
[92,     1] loss: 0.109
[92,  1601] loss: 0.036
[92,  3201] loss: 0.225
[92,  4801] loss: 0.230
[92,  6401] loss: 0.212
[92,  8001] loss: 0.108
[92,  9601] loss: 0.031
[92, 11201] loss: 0.069
[92, 12801] loss: 0.209
[93,     1] loss: 0.077
[93,  1601] loss: 0.033
[93,  3201] loss: 0.277
[93,  4801] loss: 0.322
[93,  6401] loss: 0.157
[93,  8001] loss: 0.078
[93,  9601] loss: 0.037
[93, 11201] loss: 0.053
[93, 12801] loss: 0.234
[94,     1] loss: 0.105
[94,  1601] loss: 0.027
[94,  3201] loss: 0.261
[94,  4801] loss: 0.272
[94,  6401] loss: 0.189
[94,  8001] loss: 0.109
[94,  9601] loss: 0.038
[94, 11201] loss: 0.082
[94, 12801] loss: 0.242
[95,     1] loss: 0.111
[95,  1601] loss: 0.039
[95,  3201] loss: 0.164
[95,  4801] loss: 0.302
[95,  6401] loss: 0.202
[95,  8001] loss: 0.088
[95,  9601] loss: 0.038
[95, 11201] loss: 0.050
[95, 12801] loss: 0.236
[96,     1] loss: 0.107
[96,  1601] loss: 0.037
[96,  3201] loss: 0.185
[96,  4801] loss: 0.336
[96,  6401] loss: 0.247
[96,  8001] loss: 0.075
[96,  9601] loss: 0.032
[96, 11201] loss: 0.074
[96, 12801] loss: 0.206
[97,     1] loss: 0.092
[97,  1601] loss: 0.019
[97,  3201] loss: 0.202
[97,  4801] loss: 0.306
[97,  6401] loss: 0.225
[97,  8001] loss: 0.095
[97,  9601] loss: 0.044
[97, 11201] loss: 0.054
[97, 12801] loss: 0.236
[98,     1] loss: 0.088
[98,  1601] loss: 0.037
[98,  3201] loss: 0.293
[98,  4801] loss: 0.321
[98,  6401] loss: 0.155
[98,  8001] loss: 0.140
[98,  9601] loss: 0.030
[98, 11201] loss: 0.092
[98, 12801] loss: 0.186
[99,     1] loss: 0.079
[99,  1601] loss: 0.024
[99,  3201] loss: 0.267
[99,  4801] loss: 0.369
[99,  6401] loss: 0.166
[99,  8001] loss: 0.124
[99,  9601] loss: 0.027
[99, 11201] loss: 0.098
[99, 12801] loss: 0.239
[100,     1] loss: 0.081
[100,  1601] loss: 0.035
[100,  3201] loss: 0.253
[100,  4801] loss: 0.279
[100,  6401] loss: 0.196
[100,  8001] loss: 0.100
[100,  9601] loss: 0.048
[100, 11201] loss: 0.073
[100, 12801] loss: 0.225
Finished Training
loss is: [0.07188162207603455, 0.06291227042675018, 0.09173458069562912, 0.05498810112476349, 0.1770307570695877, 0.0621582567691803, 0.06298201531171799, 0.13379140198230743, 0.048393767327070236, 0.062110450118780136, 0.18919585645198822, 0.09901370853185654, 0.0823560357093811, 0.0683436319231987, 0.0870698094367981, 0.22478273510932922, 1.285096526145935, 0.7473833560943604, 1.1559300422668457, 0.25923821330070496]
BNN Model Saved
Ntest in def:  1436
Ntest: 1436
M_test1:  0.006753758434352172
M_test2:  -0.026678944357105307
std_test1:  0.9992078881908223
std_test2:  0.9726004368738255
