Ntrain in def:  13129
Ntrain:  13129
Model starts
[1,     1] loss: 0.689
[1,  1601] loss: 0.390
[1,  3201] loss: 1.737
[1,  4801] loss: 1.913
[1,  6401] loss: 2.035
[1,  8001] loss: 0.669
[1,  9601] loss: 0.362
[1, 11201] loss: 0.700
[1, 12801] loss: 0.789
[2,     1] loss: 0.544
[2,  1601] loss: 0.243
[2,  3201] loss: 1.623
[2,  4801] loss: 1.661
[2,  6401] loss: 1.771
[2,  8001] loss: 0.528
[2,  9601] loss: 0.319
[2, 11201] loss: 0.490
[2, 12801] loss: 0.652
[3,     1] loss: 0.405
[3,  1601] loss: 0.192
[3,  3201] loss: 1.474
[3,  4801] loss: 1.384
[3,  6401] loss: 1.365
[3,  8001] loss: 0.431
[3,  9601] loss: 0.289
[3, 11201] loss: 0.374
[3, 12801] loss: 0.560
[4,     1] loss: 0.303
[4,  1601] loss: 0.168
[4,  3201] loss: 1.408
[4,  4801] loss: 1.072
[4,  6401] loss: 1.156
[4,  8001] loss: 0.369
[4,  9601] loss: 0.282
[4, 11201] loss: 0.287
[4, 12801] loss: 0.566
[5,     1] loss: 0.254
[5,  1601] loss: 0.171
[5,  3201] loss: 1.371
[5,  4801] loss: 1.028
[5,  6401] loss: 1.119
[5,  8001] loss: 0.332
[5,  9601] loss: 0.255
[5, 11201] loss: 0.273
[5, 12801] loss: 0.564
[6,     1] loss: 0.275
[6,  1601] loss: 0.162
[6,  3201] loss: 1.324
[6,  4801] loss: 0.941
[6,  6401] loss: 0.960
[6,  8001] loss: 0.321
[6,  9601] loss: 0.248
[6, 11201] loss: 0.246
[6, 12801] loss: 0.494
[7,     1] loss: 0.227
[7,  1601] loss: 0.162
[7,  3201] loss: 1.257
[7,  4801] loss: 0.864
[7,  6401] loss: 0.915
[7,  8001] loss: 0.311
[7,  9601] loss: 0.214
[7, 11201] loss: 0.217
[7, 12801] loss: 0.447
[8,     1] loss: 0.230
[8,  1601] loss: 0.140
[8,  3201] loss: 1.154
[8,  4801] loss: 0.848
[8,  6401] loss: 0.708
[8,  8001] loss: 0.269
[8,  9601] loss: 0.142
[8, 11201] loss: 0.188
[8, 12801] loss: 0.374
[9,     1] loss: 0.220
[9,  1601] loss: 0.113
[9,  3201] loss: 0.973
[9,  4801] loss: 0.709
[9,  6401] loss: 0.667
[9,  8001] loss: 0.195
[9,  9601] loss: 0.105
[9, 11201] loss: 0.140
[9, 12801] loss: 0.320
[10,     1] loss: 0.207
[10,  1601] loss: 0.118
[10,  3201] loss: 0.854
[10,  4801] loss: 0.633
[10,  6401] loss: 0.573
[10,  8001] loss: 0.145
[10,  9601] loss: 0.116
[10, 11201] loss: 0.162
[10, 12801] loss: 0.421
[11,     1] loss: 0.174
[11,  1601] loss: 0.119
[11,  3201] loss: 0.650
[11,  4801] loss: 0.605
[11,  6401] loss: 0.499
[11,  8001] loss: 0.147
[11,  9601] loss: 0.105
[11, 11201] loss: 0.154
[11, 12801] loss: 0.359
[12,     1] loss: 0.141
[12,  1601] loss: 0.135
[12,  3201] loss: 0.592
[12,  4801] loss: 0.599
[12,  6401] loss: 0.502
[12,  8001] loss: 0.114
[12,  9601] loss: 0.099
[12, 11201] loss: 0.127
[12, 12801] loss: 0.364
[13,     1] loss: 0.180
[13,  1601] loss: 0.114
[13,  3201] loss: 0.532
[13,  4801] loss: 0.557
[13,  6401] loss: 0.474
[13,  8001] loss: 0.163
[13,  9601] loss: 0.099
[13, 11201] loss: 0.158
[13, 12801] loss: 0.339
[14,     1] loss: 0.154
[14,  1601] loss: 0.102
[14,  3201] loss: 0.570
[14,  4801] loss: 0.574
[14,  6401] loss: 0.592
[14,  8001] loss: 0.117
[14,  9601] loss: 0.108
[14, 11201] loss: 0.080
[14, 12801] loss: 0.246
[15,     1] loss: 0.174
[15,  1601] loss: 0.100
[15,  3201] loss: 0.424
[15,  4801] loss: 0.430
[15,  6401] loss: 0.431
[15,  8001] loss: 0.104
[15,  9601] loss: 0.116
[15, 11201] loss: 0.121
[15, 12801] loss: 0.439
[16,     1] loss: 0.172
[16,  1601] loss: 0.103
[16,  3201] loss: 0.401
[16,  4801] loss: 0.541
[16,  6401] loss: 0.537
[16,  8001] loss: 0.165
[16,  9601] loss: 0.094
[16, 11201] loss: 0.104
[16, 12801] loss: 0.330
[17,     1] loss: 0.155
[17,  1601] loss: 0.082
[17,  3201] loss: 0.504
[17,  4801] loss: 0.488
[17,  6401] loss: 0.470
[17,  8001] loss: 0.136
[17,  9601] loss: 0.082
[17, 11201] loss: 0.143
[17, 12801] loss: 0.336
[18,     1] loss: 0.151
[18,  1601] loss: 0.077
[18,  3201] loss: 0.447
[18,  4801] loss: 0.517
[18,  6401] loss: 0.379
[18,  8001] loss: 0.131
[18,  9601] loss: 0.078
[18, 11201] loss: 0.106
[18, 12801] loss: 0.338
[19,     1] loss: 0.168
[19,  1601] loss: 0.090
[19,  3201] loss: 0.435
[19,  4801] loss: 0.474
[19,  6401] loss: 0.379
[19,  8001] loss: 0.113
[19,  9601] loss: 0.089
[19, 11201] loss: 0.096
[19, 12801] loss: 0.330
[20,     1] loss: 0.185
[20,  1601] loss: 0.084
[20,  3201] loss: 0.355
[20,  4801] loss: 0.530
[20,  6401] loss: 0.350
[20,  8001] loss: 0.106
[20,  9601] loss: 0.098
[20, 11201] loss: 0.123
[20, 12801] loss: 0.298
[21,     1] loss: 0.172
[21,  1601] loss: 0.085
[21,  3201] loss: 0.430
[21,  4801] loss: 0.482
[21,  6401] loss: 0.391
[21,  8001] loss: 0.088
[21,  9601] loss: 0.092
[21, 11201] loss: 0.141
[21, 12801] loss: 0.307
[22,     1] loss: 0.144
[22,  1601] loss: 0.078
[22,  3201] loss: 0.354
[22,  4801] loss: 0.486
[22,  6401] loss: 0.469
[22,  8001] loss: 0.116
[22,  9601] loss: 0.098
[22, 11201] loss: 0.100
[22, 12801] loss: 0.295
[23,     1] loss: 0.171
[23,  1601] loss: 0.083
[23,  3201] loss: 0.323
[23,  4801] loss: 0.428
[23,  6401] loss: 0.311
[23,  8001] loss: 0.128
[23,  9601] loss: 0.079
[23, 11201] loss: 0.118
[23, 12801] loss: 0.252
[24,     1] loss: 0.144
[24,  1601] loss: 0.086
[24,  3201] loss: 0.347
[24,  4801] loss: 0.510
[24,  6401] loss: 0.419
[24,  8001] loss: 0.131
[24,  9601] loss: 0.077
[24, 11201] loss: 0.107
[24, 12801] loss: 0.278
[25,     1] loss: 0.123
[25,  1601] loss: 0.063
[25,  3201] loss: 0.388
[25,  4801] loss: 0.452
[25,  6401] loss: 0.420
[25,  8001] loss: 0.083
[25,  9601] loss: 0.061
[25, 11201] loss: 0.122
[25, 12801] loss: 0.291
[26,     1] loss: 0.128
[26,  1601] loss: 0.072
[26,  3201] loss: 0.384
[26,  4801] loss: 0.299
[26,  6401] loss: 0.376
[26,  8001] loss: 0.106
[26,  9601] loss: 0.068
[26, 11201] loss: 0.110
[26, 12801] loss: 0.300
[27,     1] loss: 0.169
[27,  1601] loss: 0.088
[27,  3201] loss: 0.332
[27,  4801] loss: 0.472
[27,  6401] loss: 0.299
[27,  8001] loss: 0.139
[27,  9601] loss: 0.062
[27, 11201] loss: 0.132
[27, 12801] loss: 0.225
[28,     1] loss: 0.130
[28,  1601] loss: 0.061
[28,  3201] loss: 0.353
[28,  4801] loss: 0.453
[28,  6401] loss: 0.438
[28,  8001] loss: 0.103
[28,  9601] loss: 0.063
[28, 11201] loss: 0.121
[28, 12801] loss: 0.274
[29,     1] loss: 0.131
[29,  1601] loss: 0.069
[29,  3201] loss: 0.532
[29,  4801] loss: 0.301
[29,  6401] loss: 0.340
[29,  8001] loss: 0.105
[29,  9601] loss: 0.065
[29, 11201] loss: 0.098
[29, 12801] loss: 0.242
[30,     1] loss: 0.116
[30,  1601] loss: 0.081
[30,  3201] loss: 0.290
[30,  4801] loss: 0.435
[30,  6401] loss: 0.305
[30,  8001] loss: 0.098
[30,  9601] loss: 0.066
[30, 11201] loss: 0.144
[30, 12801] loss: 0.260
[31,     1] loss: 0.147
[31,  1601] loss: 0.072
[31,  3201] loss: 0.350
[31,  4801] loss: 0.382
[31,  6401] loss: 0.404
[31,  8001] loss: 0.112
[31,  9601] loss: 0.058
[31, 11201] loss: 0.097
[31, 12801] loss: 0.279
[32,     1] loss: 0.115
[32,  1601] loss: 0.078
[32,  3201] loss: 0.406
[32,  4801] loss: 0.423
[32,  6401] loss: 0.374
[32,  8001] loss: 0.085
[32,  9601] loss: 0.058
[32, 11201] loss: 0.065
[32, 12801] loss: 0.296
[33,     1] loss: 0.164
[33,  1601] loss: 0.070
[33,  3201] loss: 0.307
[33,  4801] loss: 0.313
[33,  6401] loss: 0.272
[33,  8001] loss: 0.077
[33,  9601] loss: 0.051
[33, 11201] loss: 0.121
[33, 12801] loss: 0.254
[34,     1] loss: 0.113
[34,  1601] loss: 0.072
[34,  3201] loss: 0.382
[34,  4801] loss: 0.337
[34,  6401] loss: 0.378
[34,  8001] loss: 0.097
[34,  9601] loss: 0.058
[34, 11201] loss: 0.122
[34, 12801] loss: 0.211
[35,     1] loss: 0.135
[35,  1601] loss: 0.059
[35,  3201] loss: 0.433
[35,  4801] loss: 0.363
[35,  6401] loss: 0.308
[35,  8001] loss: 0.071
[35,  9601] loss: 0.076
[35, 11201] loss: 0.111
[35, 12801] loss: 0.252
[36,     1] loss: 0.148
[36,  1601] loss: 0.053
[36,  3201] loss: 0.284
[36,  4801] loss: 0.409
[36,  6401] loss: 0.344
[36,  8001] loss: 0.098
[36,  9601] loss: 0.060
[36, 11201] loss: 0.094
[36, 12801] loss: 0.226
[37,     1] loss: 0.138
[37,  1601] loss: 0.061
[37,  3201] loss: 0.227
[37,  4801] loss: 0.337
[37,  6401] loss: 0.323
[37,  8001] loss: 0.104
[37,  9601] loss: 0.081
[37, 11201] loss: 0.085
[37, 12801] loss: 0.280
[38,     1] loss: 0.129
[38,  1601] loss: 0.067
[38,  3201] loss: 0.342
[38,  4801] loss: 0.467
[38,  6401] loss: 0.269
[38,  8001] loss: 0.117
[38,  9601] loss: 0.072
[38, 11201] loss: 0.084
[38, 12801] loss: 0.226
[39,     1] loss: 0.145
[39,  1601] loss: 0.044
[39,  3201] loss: 0.343
[39,  4801] loss: 0.357
[39,  6401] loss: 0.282
[39,  8001] loss: 0.086
[39,  9601] loss: 0.054
[39, 11201] loss: 0.110
[39, 12801] loss: 0.220
[40,     1] loss: 0.160
[40,  1601] loss: 0.073
[40,  3201] loss: 0.325
[40,  4801] loss: 0.347
[40,  6401] loss: 0.399
[40,  8001] loss: 0.105
[40,  9601] loss: 0.037
[40, 11201] loss: 0.129
[40, 12801] loss: 0.274
[41,     1] loss: 0.143
[41,  1601] loss: 0.063
[41,  3201] loss: 0.256
[41,  4801] loss: 0.345
[41,  6401] loss: 0.430
[41,  8001] loss: 0.114
[41,  9601] loss: 0.047
[41, 11201] loss: 0.120
[41, 12801] loss: 0.216
[42,     1] loss: 0.128
[42,  1601] loss: 0.055
[42,  3201] loss: 0.227
[42,  4801] loss: 0.389
[42,  6401] loss: 0.305
[42,  8001] loss: 0.114
[42,  9601] loss: 0.062
[42, 11201] loss: 0.103
[42, 12801] loss: 0.259
[43,     1] loss: 0.121
[43,  1601] loss: 0.060
[43,  3201] loss: 0.290
[43,  4801] loss: 0.395
[43,  6401] loss: 0.365
[43,  8001] loss: 0.101
[43,  9601] loss: 0.060
[43, 11201] loss: 0.095
[43, 12801] loss: 0.245
[44,     1] loss: 0.132
[44,  1601] loss: 0.054
[44,  3201] loss: 0.233
[44,  4801] loss: 0.392
[44,  6401] loss: 0.354
[44,  8001] loss: 0.082
[44,  9601] loss: 0.061
[44, 11201] loss: 0.119
[44, 12801] loss: 0.274
[45,     1] loss: 0.101
[45,  1601] loss: 0.048
[45,  3201] loss: 0.210
[45,  4801] loss: 0.305
[45,  6401] loss: 0.391
[45,  8001] loss: 0.085
[45,  9601] loss: 0.051
[45, 11201] loss: 0.111
[45, 12801] loss: 0.205
[46,     1] loss: 0.126
[46,  1601] loss: 0.048
[46,  3201] loss: 0.334
[46,  4801] loss: 0.418
[46,  6401] loss: 0.321
[46,  8001] loss: 0.110
[46,  9601] loss: 0.053
[46, 11201] loss: 0.099
[46, 12801] loss: 0.243
[47,     1] loss: 0.117
[47,  1601] loss: 0.044
[47,  3201] loss: 0.221
[47,  4801] loss: 0.365
[47,  6401] loss: 0.292
[47,  8001] loss: 0.073
[47,  9601] loss: 0.067
[47, 11201] loss: 0.108
[47, 12801] loss: 0.280
[48,     1] loss: 0.149
[48,  1601] loss: 0.052
[48,  3201] loss: 0.227
[48,  4801] loss: 0.450
[48,  6401] loss: 0.293
[48,  8001] loss: 0.109
[48,  9601] loss: 0.047
[48, 11201] loss: 0.102
[48, 12801] loss: 0.247
[49,     1] loss: 0.123
[49,  1601] loss: 0.041
[49,  3201] loss: 0.308
[49,  4801] loss: 0.360
[49,  6401] loss: 0.318
[49,  8001] loss: 0.092
[49,  9601] loss: 0.062
[49, 11201] loss: 0.105
[49, 12801] loss: 0.256
[50,     1] loss: 0.105
[50,  1601] loss: 0.052
[50,  3201] loss: 0.195
[50,  4801] loss: 0.427
[50,  6401] loss: 0.366
[50,  8001] loss: 0.084
[50,  9601] loss: 0.064
[50, 11201] loss: 0.095
[50, 12801] loss: 0.222
[51,     1] loss: 0.126
[51,  1601] loss: 0.070
[51,  3201] loss: 0.243
[51,  4801] loss: 0.312
[51,  6401] loss: 0.325
[51,  8001] loss: 0.120
[51,  9601] loss: 0.044
[51, 11201] loss: 0.105
[51, 12801] loss: 0.232
[52,     1] loss: 0.106
[52,  1601] loss: 0.042
[52,  3201] loss: 0.299
[52,  4801] loss: 0.318
[52,  6401] loss: 0.201
[52,  8001] loss: 0.138
[52,  9601] loss: 0.056
[52, 11201] loss: 0.081
[52, 12801] loss: 0.239
[53,     1] loss: 0.136
[53,  1601] loss: 0.058
[53,  3201] loss: 0.325
[53,  4801] loss: 0.358
[53,  6401] loss: 0.309
[53,  8001] loss: 0.098
[53,  9601] loss: 0.041
[53, 11201] loss: 0.070
[53, 12801] loss: 0.249
[54,     1] loss: 0.101
[54,  1601] loss: 0.043
[54,  3201] loss: 0.147
[54,  4801] loss: 0.334
[54,  6401] loss: 0.313
[54,  8001] loss: 0.099
[54,  9601] loss: 0.045
[54, 11201] loss: 0.106
[54, 12801] loss: 0.250
[55,     1] loss: 0.120
[55,  1601] loss: 0.039
[55,  3201] loss: 0.217
[55,  4801] loss: 0.255
[55,  6401] loss: 0.261
[55,  8001] loss: 0.107
[55,  9601] loss: 0.055
[55, 11201] loss: 0.101
[55, 12801] loss: 0.237
[56,     1] loss: 0.126
[56,  1601] loss: 0.043
[56,  3201] loss: 0.289
[56,  4801] loss: 0.309
[56,  6401] loss: 0.303
[56,  8001] loss: 0.131
[56,  9601] loss: 0.046
[56, 11201] loss: 0.104
[56, 12801] loss: 0.228
[57,     1] loss: 0.105
[57,  1601] loss: 0.032
[57,  3201] loss: 0.274
[57,  4801] loss: 0.291
[57,  6401] loss: 0.355
[57,  8001] loss: 0.095
[57,  9601] loss: 0.053
[57, 11201] loss: 0.077
[57, 12801] loss: 0.296
[58,     1] loss: 0.089
[58,  1601] loss: 0.034
[58,  3201] loss: 0.231
[58,  4801] loss: 0.274
[58,  6401] loss: 0.299
[58,  8001] loss: 0.069
[58,  9601] loss: 0.046
[58, 11201] loss: 0.068
[58, 12801] loss: 0.214
[59,     1] loss: 0.122
[59,  1601] loss: 0.036
[59,  3201] loss: 0.266
[59,  4801] loss: 0.442
[59,  6401] loss: 0.272
[59,  8001] loss: 0.103
[59,  9601] loss: 0.047
[59, 11201] loss: 0.068
[59, 12801] loss: 0.214
[60,     1] loss: 0.105
[60,  1601] loss: 0.041
[60,  3201] loss: 0.205
[60,  4801] loss: 0.486
[60,  6401] loss: 0.378
[60,  8001] loss: 0.055
[60,  9601] loss: 0.057
[60, 11201] loss: 0.074
[60, 12801] loss: 0.228
[61,     1] loss: 0.107
[61,  1601] loss: 0.040
[61,  3201] loss: 0.193
[61,  4801] loss: 0.352
[61,  6401] loss: 0.298
[61,  8001] loss: 0.085
[61,  9601] loss: 0.050
[61, 11201] loss: 0.115
[61, 12801] loss: 0.255
[62,     1] loss: 0.101
[62,  1601] loss: 0.034
[62,  3201] loss: 0.245
[62,  4801] loss: 0.383
[62,  6401] loss: 0.321
[62,  8001] loss: 0.076
[62,  9601] loss: 0.036
[62, 11201] loss: 0.070
[62, 12801] loss: 0.285
[63,     1] loss: 0.148
[63,  1601] loss: 0.054
[63,  3201] loss: 0.214
[63,  4801] loss: 0.349
[63,  6401] loss: 0.259
[63,  8001] loss: 0.091
[63,  9601] loss: 0.031
[63, 11201] loss: 0.085
[63, 12801] loss: 0.169
[64,     1] loss: 0.105
[64,  1601] loss: 0.047
[64,  3201] loss: 0.284
[64,  4801] loss: 0.289
[64,  6401] loss: 0.346
[64,  8001] loss: 0.094
[64,  9601] loss: 0.031
[64, 11201] loss: 0.070
[64, 12801] loss: 0.296
[65,     1] loss: 0.092
[65,  1601] loss: 0.030
[65,  3201] loss: 0.247
[65,  4801] loss: 0.308
[65,  6401] loss: 0.288
[65,  8001] loss: 0.090
[65,  9601] loss: 0.026
[65, 11201] loss: 0.062
[65, 12801] loss: 0.234
[66,     1] loss: 0.110
[66,  1601] loss: 0.042
[66,  3201] loss: 0.234
[66,  4801] loss: 0.435
[66,  6401] loss: 0.245
[66,  8001] loss: 0.056
[66,  9601] loss: 0.028
[66, 11201] loss: 0.158
[66, 12801] loss: 0.277
[67,     1] loss: 0.130
[67,  1601] loss: 0.045
[67,  3201] loss: 0.371
[67,  4801] loss: 0.334
[67,  6401] loss: 0.369
[67,  8001] loss: 0.084
[67,  9601] loss: 0.079
[67, 11201] loss: 0.119
[67, 12801] loss: 0.188
[68,     1] loss: 0.105
[68,  1601] loss: 0.035
[68,  3201] loss: 0.217
[68,  4801] loss: 0.343
[68,  6401] loss: 0.289
[68,  8001] loss: 0.065
[68,  9601] loss: 0.064
[68, 11201] loss: 0.079
[68, 12801] loss: 0.278
[69,     1] loss: 0.144
[69,  1601] loss: 0.028
[69,  3201] loss: 0.283
[69,  4801] loss: 0.343
[69,  6401] loss: 0.195
[69,  8001] loss: 0.101
[69,  9601] loss: 0.032
[69, 11201] loss: 0.104
[69, 12801] loss: 0.249
[70,     1] loss: 0.122
[70,  1601] loss: 0.034
[70,  3201] loss: 0.335
[70,  4801] loss: 0.314
[70,  6401] loss: 0.281
[70,  8001] loss: 0.098
[70,  9601] loss: 0.036
[70, 11201] loss: 0.072
[70, 12801] loss: 0.194
[71,     1] loss: 0.116
[71,  1601] loss: 0.047
[71,  3201] loss: 0.296
[71,  4801] loss: 0.321
[71,  6401] loss: 0.214
[71,  8001] loss: 0.055
[71,  9601] loss: 0.036
[71, 11201] loss: 0.064
[71, 12801] loss: 0.207
[72,     1] loss: 0.111
[72,  1601] loss: 0.034
[72,  3201] loss: 0.307
[72,  4801] loss: 0.321
[72,  6401] loss: 0.242
[72,  8001] loss: 0.113
[72,  9601] loss: 0.039
[72, 11201] loss: 0.082
[72, 12801] loss: 0.291
[73,     1] loss: 0.138
[73,  1601] loss: 0.030
[73,  3201] loss: 0.270
[73,  4801] loss: 0.328
[73,  6401] loss: 0.248
[73,  8001] loss: 0.127
[73,  9601] loss: 0.037
[73, 11201] loss: 0.115
[73, 12801] loss: 0.217
[74,     1] loss: 0.107
[74,  1601] loss: 0.026
[74,  3201] loss: 0.254
[74,  4801] loss: 0.319
[74,  6401] loss: 0.279
[74,  8001] loss: 0.108
[74,  9601] loss: 0.052
[74, 11201] loss: 0.066
[74, 12801] loss: 0.238
[75,     1] loss: 0.108
[75,  1601] loss: 0.041
[75,  3201] loss: 0.344
[75,  4801] loss: 0.297
[75,  6401] loss: 0.217
[75,  8001] loss: 0.107
[75,  9601] loss: 0.047
[75, 11201] loss: 0.111
[75, 12801] loss: 0.260
[76,     1] loss: 0.117
[76,  1601] loss: 0.034
[76,  3201] loss: 0.200
[76,  4801] loss: 0.362
[76,  6401] loss: 0.251
[76,  8001] loss: 0.064
[76,  9601] loss: 0.032
[76, 11201] loss: 0.109
[76, 12801] loss: 0.221
[77,     1] loss: 0.110
[77,  1601] loss: 0.023
[77,  3201] loss: 0.139
[77,  4801] loss: 0.294
[77,  6401] loss: 0.196
[77,  8001] loss: 0.078
[77,  9601] loss: 0.050
[77, 11201] loss: 0.066
[77, 12801] loss: 0.227
[78,     1] loss: 0.126
[78,  1601] loss: 0.029
[78,  3201] loss: 0.267
[78,  4801] loss: 0.287
[78,  6401] loss: 0.307
[78,  8001] loss: 0.083
[78,  9601] loss: 0.048
[78, 11201] loss: 0.077
[78, 12801] loss: 0.201
[79,     1] loss: 0.111
[79,  1601] loss: 0.032
[79,  3201] loss: 0.341
[79,  4801] loss: 0.304
[79,  6401] loss: 0.193
[79,  8001] loss: 0.072
[79,  9601] loss: 0.041
[79, 11201] loss: 0.103
[79, 12801] loss: 0.198
[80,     1] loss: 0.108
[80,  1601] loss: 0.026
[80,  3201] loss: 0.275
[80,  4801] loss: 0.374
[80,  6401] loss: 0.229
[80,  8001] loss: 0.065
[80,  9601] loss: 0.049
[80, 11201] loss: 0.079
[80, 12801] loss: 0.206
[81,     1] loss: 0.120
[81,  1601] loss: 0.037
[81,  3201] loss: 0.210
[81,  4801] loss: 0.256
[81,  6401] loss: 0.220
[81,  8001] loss: 0.095
[81,  9601] loss: 0.039
[81, 11201] loss: 0.093
[81, 12801] loss: 0.263
[82,     1] loss: 0.132
[82,  1601] loss: 0.027
[82,  3201] loss: 0.181
[82,  4801] loss: 0.328
[82,  6401] loss: 0.253
[82,  8001] loss: 0.076
[82,  9601] loss: 0.057
[82, 11201] loss: 0.057
[82, 12801] loss: 0.259
[83,     1] loss: 0.111
[83,  1601] loss: 0.034
[83,  3201] loss: 0.318
[83,  4801] loss: 0.317
[83,  6401] loss: 0.438
[83,  8001] loss: 0.143
[83,  9601] loss: 0.031
[83, 11201] loss: 0.088
[83, 12801] loss: 0.216
[84,     1] loss: 0.101
[84,  1601] loss: 0.044
[84,  3201] loss: 0.347
[84,  4801] loss: 0.358
[84,  6401] loss: 0.218
[84,  8001] loss: 0.103
[84,  9601] loss: 0.044
[84, 11201] loss: 0.082
[84, 12801] loss: 0.205
[85,     1] loss: 0.090
[85,  1601] loss: 0.034
[85,  3201] loss: 0.331
[85,  4801] loss: 0.257
[85,  6401] loss: 0.273
[85,  8001] loss: 0.079
[85,  9601] loss: 0.047
[85, 11201] loss: 0.119
[85, 12801] loss: 0.256
[86,     1] loss: 0.114
[86,  1601] loss: 0.035
[86,  3201] loss: 0.300
[86,  4801] loss: 0.306
[86,  6401] loss: 0.182
[86,  8001] loss: 0.097
[86,  9601] loss: 0.034
[86, 11201] loss: 0.109
[86, 12801] loss: 0.249
[87,     1] loss: 0.123
[87,  1601] loss: 0.038
[87,  3201] loss: 0.263
[87,  4801] loss: 0.233
[87,  6401] loss: 0.176
[87,  8001] loss: 0.081
[87,  9601] loss: 0.050
[87, 11201] loss: 0.086
[87, 12801] loss: 0.264
[88,     1] loss: 0.098
[88,  1601] loss: 0.048
[88,  3201] loss: 0.219
[88,  4801] loss: 0.232
[88,  6401] loss: 0.248
[88,  8001] loss: 0.064
[88,  9601] loss: 0.047
[88, 11201] loss: 0.059
[88, 12801] loss: 0.276
[89,     1] loss: 0.119
[89,  1601] loss: 0.030
[89,  3201] loss: 0.238
[89,  4801] loss: 0.345
[89,  6401] loss: 0.317
[89,  8001] loss: 0.072
[89,  9601] loss: 0.073
[89, 11201] loss: 0.081
[89, 12801] loss: 0.205
[90,     1] loss: 0.122
[90,  1601] loss: 0.032
[90,  3201] loss: 0.173
[90,  4801] loss: 0.180
[90,  6401] loss: 0.206
[90,  8001] loss: 0.111
[90,  9601] loss: 0.043
[90, 11201] loss: 0.074
[90, 12801] loss: 0.283
[91,     1] loss: 0.090
[91,  1601] loss: 0.050
[91,  3201] loss: 0.152
[91,  4801] loss: 0.260
[91,  6401] loss: 0.235
[91,  8001] loss: 0.062
[91,  9601] loss: 0.044
[91, 11201] loss: 0.102
[91, 12801] loss: 0.217
[92,     1] loss: 0.107
[92,  1601] loss: 0.033
[92,  3201] loss: 0.196
[92,  4801] loss: 0.358
[92,  6401] loss: 0.203
[92,  8001] loss: 0.081
[92,  9601] loss: 0.034
[92, 11201] loss: 0.089
[92, 12801] loss: 0.187
[93,     1] loss: 0.135
[93,  1601] loss: 0.026
[93,  3201] loss: 0.214
[93,  4801] loss: 0.328
[93,  6401] loss: 0.190
[93,  8001] loss: 0.089
[93,  9601] loss: 0.026
[93, 11201] loss: 0.104
[93, 12801] loss: 0.193
[94,     1] loss: 0.091
[94,  1601] loss: 0.031
[94,  3201] loss: 0.246
[94,  4801] loss: 0.281
[94,  6401] loss: 0.170
[94,  8001] loss: 0.075
[94,  9601] loss: 0.053
[94, 11201] loss: 0.057
[94, 12801] loss: 0.198
[95,     1] loss: 0.097
[95,  1601] loss: 0.030
[95,  3201] loss: 0.277
[95,  4801] loss: 0.288
[95,  6401] loss: 0.176
[95,  8001] loss: 0.044
[95,  9601] loss: 0.044
[95, 11201] loss: 0.096
[95, 12801] loss: 0.234
[96,     1] loss: 0.131
[96,  1601] loss: 0.028
[96,  3201] loss: 0.291
[96,  4801] loss: 0.371
[96,  6401] loss: 0.278
[96,  8001] loss: 0.078
[96,  9601] loss: 0.038
[96, 11201] loss: 0.070
[96, 12801] loss: 0.304
[97,     1] loss: 0.132
[97,  1601] loss: 0.029
[97,  3201] loss: 0.272
[97,  4801] loss: 0.342
[97,  6401] loss: 0.270
[97,  8001] loss: 0.106
[97,  9601] loss: 0.031
[97, 11201] loss: 0.084
[97, 12801] loss: 0.255
[98,     1] loss: 0.146
[98,  1601] loss: 0.033
[98,  3201] loss: 0.307
[98,  4801] loss: 0.326
[98,  6401] loss: 0.219
[98,  8001] loss: 0.059
[98,  9601] loss: 0.029
[98, 11201] loss: 0.116
[98, 12801] loss: 0.217
[99,     1] loss: 0.122
[99,  1601] loss: 0.040
[99,  3201] loss: 0.281
[99,  4801] loss: 0.373
[99,  6401] loss: 0.210
[99,  8001] loss: 0.118
[99,  9601] loss: 0.035
[99, 11201] loss: 0.087
[99, 12801] loss: 0.268
[100,     1] loss: 0.114
[100,  1601] loss: 0.030
[100,  3201] loss: 0.218
[100,  4801] loss: 0.342
[100,  6401] loss: 0.278
[100,  8001] loss: 0.126
[100,  9601] loss: 0.032
[100, 11201] loss: 0.098
[100, 12801] loss: 0.217
Finished Training
loss is: [0.04192204028367996, 0.079754538834095, 0.08703409135341644, 0.0646284893155098, 0.19167163968086243, 0.05814962834119797, 0.09183105826377869, 0.06484247744083405, 0.09382067620754242, 0.035146314650774, 0.14173173904418945, 0.11506720632314682, 0.07179657369852066, 0.07719066739082336, 0.10227612406015396, 0.21696287393569946, 1.561076283454895, 0.6120361089706421, 0.7829339504241943, 0.19910959899425507]
BNN Model Saved
Ntest in def:  1441
Ntest: 1441
M_test1:  0.003824082502851613
M_test2:  -0.031075183002602653
std_test1:  0.9987135855748822
std_test2:  0.9737695618195498
