Ntrain in def:  13148
Ntrain:  13148
Model starts
[1,     1] loss: 0.748
[1,  1601] loss: 0.465
[1,  3201] loss: 1.214
[1,  4801] loss: 2.347
[1,  6401] loss: 2.211
[1,  8001] loss: 0.816
[1,  9601] loss: 0.603
[1, 11201] loss: 0.827
[1, 12801] loss: 1.163
[2,     1] loss: 0.690
[2,  1601] loss: 0.442
[2,  3201] loss: 1.207
[2,  4801] loss: 2.282
[2,  6401] loss: 2.178
[2,  8001] loss: 0.782
[2,  9601] loss: 0.575
[2, 11201] loss: 0.783
[2, 12801] loss: 1.096
[3,     1] loss: 0.650
[3,  1601] loss: 0.429
[3,  3201] loss: 1.085
[3,  4801] loss: 2.228
[3,  6401] loss: 2.063
[3,  8001] loss: 0.762
[3,  9601] loss: 0.530
[3, 11201] loss: 0.709
[3, 12801] loss: 0.997
[4,     1] loss: 0.584
[4,  1601] loss: 0.390
[4,  3201] loss: 0.996
[4,  4801] loss: 2.103
[4,  6401] loss: 1.910
[4,  8001] loss: 0.659
[4,  9601] loss: 0.467
[4, 11201] loss: 0.618
[4, 12801] loss: 0.869
[5,     1] loss: 0.519
[5,  1601] loss: 0.348
[5,  3201] loss: 0.870
[5,  4801] loss: 1.923
[5,  6401] loss: 1.685
[5,  8001] loss: 0.629
[5,  9601] loss: 0.457
[5, 11201] loss: 0.489
[5, 12801] loss: 0.746
[6,     1] loss: 0.477
[6,  1601] loss: 0.343
[6,  3201] loss: 0.754
[6,  4801] loss: 1.691
[6,  6401] loss: 1.597
[6,  8001] loss: 0.532
[6,  9601] loss: 0.383
[6, 11201] loss: 0.399
[6, 12801] loss: 0.674
[7,     1] loss: 0.415
[7,  1601] loss: 0.284
[7,  3201] loss: 0.789
[7,  4801] loss: 1.669
[7,  6401] loss: 1.461
[7,  8001] loss: 0.503
[7,  9601] loss: 0.413
[7, 11201] loss: 0.470
[7, 12801] loss: 0.634
[8,     1] loss: 0.393
[8,  1601] loss: 0.275
[8,  3201] loss: 0.645
[8,  4801] loss: 1.554
[8,  6401] loss: 1.428
[8,  8001] loss: 0.489
[8,  9601] loss: 0.347
[8, 11201] loss: 0.427
[8, 12801] loss: 0.568
[9,     1] loss: 0.399
[9,  1601] loss: 0.249
[9,  3201] loss: 0.694
[9,  4801] loss: 1.430
[9,  6401] loss: 1.300
[9,  8001] loss: 0.438
[9,  9601] loss: 0.346
[9, 11201] loss: 0.381
[9, 12801] loss: 0.454
[10,     1] loss: 0.359
[10,  1601] loss: 0.207
[10,  3201] loss: 0.668
[10,  4801] loss: 1.232
[10,  6401] loss: 1.250
[10,  8001] loss: 0.348
[10,  9601] loss: 0.279
[10, 11201] loss: 0.304
[10, 12801] loss: 0.468
[11,     1] loss: 0.291
[11,  1601] loss: 0.135
[11,  3201] loss: 0.548
[11,  4801] loss: 1.031
[11,  6401] loss: 0.913
[11,  8001] loss: 0.303
[11,  9601] loss: 0.227
[11, 11201] loss: 0.276
[11, 12801] loss: 0.383
[12,     1] loss: 0.259
[12,  1601] loss: 0.126
[12,  3201] loss: 0.432
[12,  4801] loss: 1.056
[12,  6401] loss: 0.884
[12,  8001] loss: 0.231
[12,  9601] loss: 0.193
[12, 11201] loss: 0.230
[12, 12801] loss: 0.276
[13,     1] loss: 0.213
[13,  1601] loss: 0.125
[13,  3201] loss: 0.415
[13,  4801] loss: 0.823
[13,  6401] loss: 0.712
[13,  8001] loss: 0.256
[13,  9601] loss: 0.144
[13, 11201] loss: 0.237
[13, 12801] loss: 0.318
[14,     1] loss: 0.215
[14,  1601] loss: 0.090
[14,  3201] loss: 0.398
[14,  4801] loss: 0.689
[14,  6401] loss: 0.640
[14,  8001] loss: 0.179
[14,  9601] loss: 0.177
[14, 11201] loss: 0.188
[14, 12801] loss: 0.327
[15,     1] loss: 0.163
[15,  1601] loss: 0.104
[15,  3201] loss: 0.301
[15,  4801] loss: 0.632
[15,  6401] loss: 0.709
[15,  8001] loss: 0.211
[15,  9601] loss: 0.174
[15, 11201] loss: 0.152
[15, 12801] loss: 0.293
[16,     1] loss: 0.183
[16,  1601] loss: 0.090
[16,  3201] loss: 0.408
[16,  4801] loss: 0.698
[16,  6401] loss: 0.762
[16,  8001] loss: 0.144
[16,  9601] loss: 0.126
[16, 11201] loss: 0.219
[16, 12801] loss: 0.280
[17,     1] loss: 0.159
[17,  1601] loss: 0.100
[17,  3201] loss: 0.365
[17,  4801] loss: 0.551
[17,  6401] loss: 0.540
[17,  8001] loss: 0.164
[17,  9601] loss: 0.165
[17, 11201] loss: 0.168
[17, 12801] loss: 0.280
[18,     1] loss: 0.197
[18,  1601] loss: 0.104
[18,  3201] loss: 0.364
[18,  4801] loss: 0.655
[18,  6401] loss: 0.608
[18,  8001] loss: 0.136
[18,  9601] loss: 0.130
[18, 11201] loss: 0.205
[18, 12801] loss: 0.178
[19,     1] loss: 0.133
[19,  1601] loss: 0.097
[19,  3201] loss: 0.310
[19,  4801] loss: 0.602
[19,  6401] loss: 0.597
[19,  8001] loss: 0.156
[19,  9601] loss: 0.142
[19, 11201] loss: 0.143
[19, 12801] loss: 0.271
[20,     1] loss: 0.153
[20,  1601] loss: 0.083
[20,  3201] loss: 0.309
[20,  4801] loss: 0.557
[20,  6401] loss: 0.632
[20,  8001] loss: 0.152
[20,  9601] loss: 0.149
[20, 11201] loss: 0.149
[20, 12801] loss: 0.186
[21,     1] loss: 0.136
[21,  1601] loss: 0.087
[21,  3201] loss: 0.291
[21,  4801] loss: 0.598
[21,  6401] loss: 0.538
[21,  8001] loss: 0.196
[21,  9601] loss: 0.177
[21, 11201] loss: 0.157
[21, 12801] loss: 0.275
[22,     1] loss: 0.119
[22,  1601] loss: 0.122
[22,  3201] loss: 0.324
[22,  4801] loss: 0.641
[22,  6401] loss: 0.621
[22,  8001] loss: 0.173
[22,  9601] loss: 0.145
[22, 11201] loss: 0.118
[22, 12801] loss: 0.227
[23,     1] loss: 0.139
[23,  1601] loss: 0.092
[23,  3201] loss: 0.287
[23,  4801] loss: 0.528
[23,  6401] loss: 0.574
[23,  8001] loss: 0.098
[23,  9601] loss: 0.093
[23, 11201] loss: 0.172
[23, 12801] loss: 0.156
[24,     1] loss: 0.115
[24,  1601] loss: 0.101
[24,  3201] loss: 0.334
[24,  4801] loss: 0.444
[24,  6401] loss: 0.438
[24,  8001] loss: 0.192
[24,  9601] loss: 0.126
[24, 11201] loss: 0.126
[24, 12801] loss: 0.267
[25,     1] loss: 0.147
[25,  1601] loss: 0.082
[25,  3201] loss: 0.285
[25,  4801] loss: 0.636
[25,  6401] loss: 0.456
[25,  8001] loss: 0.155
[25,  9601] loss: 0.107
[25, 11201] loss: 0.136
[25, 12801] loss: 0.177
[26,     1] loss: 0.101
[26,  1601] loss: 0.095
[26,  3201] loss: 0.316
[26,  4801] loss: 0.372
[26,  6401] loss: 0.483
[26,  8001] loss: 0.143
[26,  9601] loss: 0.129
[26, 11201] loss: 0.188
[26, 12801] loss: 0.196
[27,     1] loss: 0.126
[27,  1601] loss: 0.090
[27,  3201] loss: 0.249
[27,  4801] loss: 0.577
[27,  6401] loss: 0.464
[27,  8001] loss: 0.172
[27,  9601] loss: 0.188
[27, 11201] loss: 0.209
[27, 12801] loss: 0.319
[28,     1] loss: 0.122
[28,  1601] loss: 0.097
[28,  3201] loss: 0.243
[28,  4801] loss: 0.551
[28,  6401] loss: 0.454
[28,  8001] loss: 0.135
[28,  9601] loss: 0.130
[28, 11201] loss: 0.192
[28, 12801] loss: 0.162
[29,     1] loss: 0.124
[29,  1601] loss: 0.102
[29,  3201] loss: 0.328
[29,  4801] loss: 0.505
[29,  6401] loss: 0.538
[29,  8001] loss: 0.177
[29,  9601] loss: 0.117
[29, 11201] loss: 0.154
[29, 12801] loss: 0.223
[30,     1] loss: 0.122
[30,  1601] loss: 0.103
[30,  3201] loss: 0.268
[30,  4801] loss: 0.457
[30,  6401] loss: 0.510
[30,  8001] loss: 0.181
[30,  9601] loss: 0.092
[30, 11201] loss: 0.162
[30, 12801] loss: 0.237
[31,     1] loss: 0.130
[31,  1601] loss: 0.069
[31,  3201] loss: 0.221
[31,  4801] loss: 0.351
[31,  6401] loss: 0.429
[31,  8001] loss: 0.146
[31,  9601] loss: 0.111
[31, 11201] loss: 0.138
[31, 12801] loss: 0.197
[32,     1] loss: 0.133
[32,  1601] loss: 0.098
[32,  3201] loss: 0.229
[32,  4801] loss: 0.327
[32,  6401] loss: 0.554
[32,  8001] loss: 0.167
[32,  9601] loss: 0.101
[32, 11201] loss: 0.172
[32, 12801] loss: 0.184
[33,     1] loss: 0.109
[33,  1601] loss: 0.087
[33,  3201] loss: 0.199
[33,  4801] loss: 0.564
[33,  6401] loss: 0.454
[33,  8001] loss: 0.129
[33,  9601] loss: 0.084
[33, 11201] loss: 0.142
[33, 12801] loss: 0.223
[34,     1] loss: 0.099
[34,  1601] loss: 0.079
[34,  3201] loss: 0.215
[34,  4801] loss: 0.465
[34,  6401] loss: 0.399
[34,  8001] loss: 0.184
[34,  9601] loss: 0.114
[34, 11201] loss: 0.159
[34, 12801] loss: 0.151
[35,     1] loss: 0.115
[35,  1601] loss: 0.095
[35,  3201] loss: 0.200
[35,  4801] loss: 0.396
[35,  6401] loss: 0.453
[35,  8001] loss: 0.136
[35,  9601] loss: 0.078
[35, 11201] loss: 0.091
[35, 12801] loss: 0.290
[36,     1] loss: 0.116
[36,  1601] loss: 0.101
[36,  3201] loss: 0.286
[36,  4801] loss: 0.510
[36,  6401] loss: 0.451
[36,  8001] loss: 0.141
[36,  9601] loss: 0.144
[36, 11201] loss: 0.144
[36, 12801] loss: 0.252
[37,     1] loss: 0.101
[37,  1601] loss: 0.085
[37,  3201] loss: 0.258
[37,  4801] loss: 0.517
[37,  6401] loss: 0.512
[37,  8001] loss: 0.123
[37,  9601] loss: 0.113
[37, 11201] loss: 0.169
[37, 12801] loss: 0.197
[38,     1] loss: 0.130
[38,  1601] loss: 0.088
[38,  3201] loss: 0.254
[38,  4801] loss: 0.430
[38,  6401] loss: 0.443
[38,  8001] loss: 0.117
[38,  9601] loss: 0.083
[38, 11201] loss: 0.149
[38, 12801] loss: 0.191
[39,     1] loss: 0.114
[39,  1601] loss: 0.096
[39,  3201] loss: 0.232
[39,  4801] loss: 0.424
[39,  6401] loss: 0.338
[39,  8001] loss: 0.155
[39,  9601] loss: 0.080
[39, 11201] loss: 0.128
[39, 12801] loss: 0.159
[40,     1] loss: 0.136
[40,  1601] loss: 0.095
[40,  3201] loss: 0.211
[40,  4801] loss: 0.383
[40,  6401] loss: 0.354
[40,  8001] loss: 0.118
[40,  9601] loss: 0.130
[40, 11201] loss: 0.129
[40, 12801] loss: 0.235
[41,     1] loss: 0.084
[41,  1601] loss: 0.088
[41,  3201] loss: 0.232
[41,  4801] loss: 0.461
[41,  6401] loss: 0.406
[41,  8001] loss: 0.206
[41,  9601] loss: 0.079
[41, 11201] loss: 0.147
[41, 12801] loss: 0.189
[42,     1] loss: 0.153
[42,  1601] loss: 0.070
[42,  3201] loss: 0.234
[42,  4801] loss: 0.432
[42,  6401] loss: 0.516
[42,  8001] loss: 0.118
[42,  9601] loss: 0.109
[42, 11201] loss: 0.159
[42, 12801] loss: 0.252
[43,     1] loss: 0.106
[43,  1601] loss: 0.087
[43,  3201] loss: 0.243
[43,  4801] loss: 0.504
[43,  6401] loss: 0.413
[43,  8001] loss: 0.127
[43,  9601] loss: 0.135
[43, 11201] loss: 0.127
[43, 12801] loss: 0.217
[44,     1] loss: 0.087
[44,  1601] loss: 0.087
[44,  3201] loss: 0.250
[44,  4801] loss: 0.426
[44,  6401] loss: 0.413
[44,  8001] loss: 0.149
[44,  9601] loss: 0.084
[44, 11201] loss: 0.176
[44, 12801] loss: 0.197
[45,     1] loss: 0.116
[45,  1601] loss: 0.089
[45,  3201] loss: 0.268
[45,  4801] loss: 0.484
[45,  6401] loss: 0.539
[45,  8001] loss: 0.088
[45,  9601] loss: 0.097
[45, 11201] loss: 0.154
[45, 12801] loss: 0.150
[46,     1] loss: 0.080
[46,  1601] loss: 0.088
[46,  3201] loss: 0.248
[46,  4801] loss: 0.622
[46,  6401] loss: 0.420
[46,  8001] loss: 0.136
[46,  9601] loss: 0.081
[46, 11201] loss: 0.107
[46, 12801] loss: 0.187
[47,     1] loss: 0.102
[47,  1601] loss: 0.075
[47,  3201] loss: 0.204
[47,  4801] loss: 0.452
[47,  6401] loss: 0.227
[47,  8001] loss: 0.156
[47,  9601] loss: 0.081
[47, 11201] loss: 0.130
[47, 12801] loss: 0.215
[48,     1] loss: 0.087
[48,  1601] loss: 0.075
[48,  3201] loss: 0.225
[48,  4801] loss: 0.500
[48,  6401] loss: 0.479
[48,  8001] loss: 0.139
[48,  9601] loss: 0.091
[48, 11201] loss: 0.113
[48, 12801] loss: 0.217
[49,     1] loss: 0.086
[49,  1601] loss: 0.065
[49,  3201] loss: 0.242
[49,  4801] loss: 0.336
[49,  6401] loss: 0.332
[49,  8001] loss: 0.128
[49,  9601] loss: 0.081
[49, 11201] loss: 0.185
[49, 12801] loss: 0.157
[50,     1] loss: 0.129
[50,  1601] loss: 0.093
[50,  3201] loss: 0.256
[50,  4801] loss: 0.441
[50,  6401] loss: 0.353
[50,  8001] loss: 0.128
[50,  9601] loss: 0.102
[50, 11201] loss: 0.153
[50, 12801] loss: 0.218
[51,     1] loss: 0.099
[51,  1601] loss: 0.083
[51,  3201] loss: 0.165
[51,  4801] loss: 0.309
[51,  6401] loss: 0.412
[51,  8001] loss: 0.144
[51,  9601] loss: 0.100
[51, 11201] loss: 0.093
[51, 12801] loss: 0.215
[52,     1] loss: 0.126
[52,  1601] loss: 0.068
[52,  3201] loss: 0.185
[52,  4801] loss: 0.413
[52,  6401] loss: 0.352
[52,  8001] loss: 0.126
[52,  9601] loss: 0.124
[52, 11201] loss: 0.108
[52, 12801] loss: 0.157
[53,     1] loss: 0.109
[53,  1601] loss: 0.081
[53,  3201] loss: 0.191
[53,  4801] loss: 0.430
[53,  6401] loss: 0.552
[53,  8001] loss: 0.135
[53,  9601] loss: 0.100
[53, 11201] loss: 0.126
[53, 12801] loss: 0.122
[54,     1] loss: 0.148
[54,  1601] loss: 0.113
[54,  3201] loss: 0.163
[54,  4801] loss: 0.309
[54,  6401] loss: 0.331
[54,  8001] loss: 0.091
[54,  9601] loss: 0.088
[54, 11201] loss: 0.106
[54, 12801] loss: 0.221
[55,     1] loss: 0.101
[55,  1601] loss: 0.096
[55,  3201] loss: 0.195
[55,  4801] loss: 0.339
[55,  6401] loss: 0.414
[55,  8001] loss: 0.133
[55,  9601] loss: 0.096
[55, 11201] loss: 0.139
[55, 12801] loss: 0.195
[56,     1] loss: 0.091
[56,  1601] loss: 0.081
[56,  3201] loss: 0.230
[56,  4801] loss: 0.432
[56,  6401] loss: 0.371
[56,  8001] loss: 0.139
[56,  9601] loss: 0.059
[56, 11201] loss: 0.119
[56, 12801] loss: 0.177
[57,     1] loss: 0.106
[57,  1601] loss: 0.075
[57,  3201] loss: 0.242
[57,  4801] loss: 0.298
[57,  6401] loss: 0.334
[57,  8001] loss: 0.148
[57,  9601] loss: 0.098
[57, 11201] loss: 0.195
[57, 12801] loss: 0.187
[58,     1] loss: 0.083
[58,  1601] loss: 0.069
[58,  3201] loss: 0.237
[58,  4801] loss: 0.389
[58,  6401] loss: 0.323
[58,  8001] loss: 0.104
[58,  9601] loss: 0.086
[58, 11201] loss: 0.113
[58, 12801] loss: 0.191
[59,     1] loss: 0.143
[59,  1601] loss: 0.062
[59,  3201] loss: 0.158
[59,  4801] loss: 0.301
[59,  6401] loss: 0.290
[59,  8001] loss: 0.114
[59,  9601] loss: 0.082
[59, 11201] loss: 0.166
[59, 12801] loss: 0.205
[60,     1] loss: 0.077
[60,  1601] loss: 0.084
[60,  3201] loss: 0.187
[60,  4801] loss: 0.290
[60,  6401] loss: 0.375
[60,  8001] loss: 0.105
[60,  9601] loss: 0.083
[60, 11201] loss: 0.128
[60, 12801] loss: 0.250
[61,     1] loss: 0.107
[61,  1601] loss: 0.074
[61,  3201] loss: 0.212
[61,  4801] loss: 0.430
[61,  6401] loss: 0.268
[61,  8001] loss: 0.161
[61,  9601] loss: 0.077
[61, 11201] loss: 0.166
[61, 12801] loss: 0.182
[62,     1] loss: 0.090
[62,  1601] loss: 0.061
[62,  3201] loss: 0.187
[62,  4801] loss: 0.319
[62,  6401] loss: 0.415
[62,  8001] loss: 0.141
[62,  9601] loss: 0.096
[62, 11201] loss: 0.114
[62, 12801] loss: 0.191
[63,     1] loss: 0.114
[63,  1601] loss: 0.096
[63,  3201] loss: 0.202
[63,  4801] loss: 0.297
[63,  6401] loss: 0.362
[63,  8001] loss: 0.137
[63,  9601] loss: 0.092
[63, 11201] loss: 0.181
[63, 12801] loss: 0.237
[64,     1] loss: 0.095
[64,  1601] loss: 0.071
[64,  3201] loss: 0.199
[64,  4801] loss: 0.568
[64,  6401] loss: 0.380
[64,  8001] loss: 0.114
[64,  9601] loss: 0.125
[64, 11201] loss: 0.145
[64, 12801] loss: 0.224
[65,     1] loss: 0.108
[65,  1601] loss: 0.069
[65,  3201] loss: 0.170
[65,  4801] loss: 0.372
[65,  6401] loss: 0.437
[65,  8001] loss: 0.112
[65,  9601] loss: 0.092
[65, 11201] loss: 0.125
[65, 12801] loss: 0.161
[66,     1] loss: 0.106
[66,  1601] loss: 0.057
[66,  3201] loss: 0.209
[66,  4801] loss: 0.508
[66,  6401] loss: 0.278
[66,  8001] loss: 0.107
[66,  9601] loss: 0.066
[66, 11201] loss: 0.130
[66, 12801] loss: 0.162
[67,     1] loss: 0.089
[67,  1601] loss: 0.088
[67,  3201] loss: 0.196
[67,  4801] loss: 0.427
[67,  6401] loss: 0.349
[67,  8001] loss: 0.115
[67,  9601] loss: 0.105
[67, 11201] loss: 0.206
[67, 12801] loss: 0.162
[68,     1] loss: 0.129
[68,  1601] loss: 0.087
[68,  3201] loss: 0.242
[68,  4801] loss: 0.443
[68,  6401] loss: 0.247
[68,  8001] loss: 0.168
[68,  9601] loss: 0.089
[68, 11201] loss: 0.116
[68, 12801] loss: 0.153
[69,     1] loss: 0.099
[69,  1601] loss: 0.071
[69,  3201] loss: 0.219
[69,  4801] loss: 0.357
[69,  6401] loss: 0.402
[69,  8001] loss: 0.114
[69,  9601] loss: 0.086
[69, 11201] loss: 0.125
[69, 12801] loss: 0.196
[70,     1] loss: 0.077
[70,  1601] loss: 0.085
[70,  3201] loss: 0.165
[70,  4801] loss: 0.473
[70,  6401] loss: 0.333
[70,  8001] loss: 0.095
[70,  9601] loss: 0.092
[70, 11201] loss: 0.150
[70, 12801] loss: 0.193
[71,     1] loss: 0.124
[71,  1601] loss: 0.061
[71,  3201] loss: 0.210
[71,  4801] loss: 0.401
[71,  6401] loss: 0.345
[71,  8001] loss: 0.145
[71,  9601] loss: 0.075
[71, 11201] loss: 0.096
[71, 12801] loss: 0.186
[72,     1] loss: 0.105
[72,  1601] loss: 0.074
[72,  3201] loss: 0.234
[72,  4801] loss: 0.544
[72,  6401] loss: 0.299
[72,  8001] loss: 0.118
[72,  9601] loss: 0.120
[72, 11201] loss: 0.065
[72, 12801] loss: 0.123
[73,     1] loss: 0.124
[73,  1601] loss: 0.067
[73,  3201] loss: 0.205
[73,  4801] loss: 0.471
[73,  6401] loss: 0.370
[73,  8001] loss: 0.118
[73,  9601] loss: 0.066
[73, 11201] loss: 0.114
[73, 12801] loss: 0.200
[74,     1] loss: 0.086
[74,  1601] loss: 0.078
[74,  3201] loss: 0.176
[74,  4801] loss: 0.394
[74,  6401] loss: 0.353
[74,  8001] loss: 0.131
[74,  9601] loss: 0.081
[74, 11201] loss: 0.196
[74, 12801] loss: 0.136
[75,     1] loss: 0.098
[75,  1601] loss: 0.082
[75,  3201] loss: 0.189
[75,  4801] loss: 0.447
[75,  6401] loss: 0.321
[75,  8001] loss: 0.110
[75,  9601] loss: 0.074
[75, 11201] loss: 0.090
[75, 12801] loss: 0.228
[76,     1] loss: 0.131
[76,  1601] loss: 0.085
[76,  3201] loss: 0.157
[76,  4801] loss: 0.442
[76,  6401] loss: 0.321
[76,  8001] loss: 0.158
[76,  9601] loss: 0.068
[76, 11201] loss: 0.130
[76, 12801] loss: 0.137
[77,     1] loss: 0.176
[77,  1601] loss: 0.058
[77,  3201] loss: 0.185
[77,  4801] loss: 0.425
[77,  6401] loss: 0.293
[77,  8001] loss: 0.128
[77,  9601] loss: 0.064
[77, 11201] loss: 0.131
[77, 12801] loss: 0.232
[78,     1] loss: 0.099
[78,  1601] loss: 0.053
[78,  3201] loss: 0.186
[78,  4801] loss: 0.359
[78,  6401] loss: 0.312
[78,  8001] loss: 0.116
[78,  9601] loss: 0.090
[78, 11201] loss: 0.107
[78, 12801] loss: 0.201
[79,     1] loss: 0.061
[79,  1601] loss: 0.085
[79,  3201] loss: 0.254
[79,  4801] loss: 0.360
[79,  6401] loss: 0.300
[79,  8001] loss: 0.085
[79,  9601] loss: 0.056
[79, 11201] loss: 0.109
[79, 12801] loss: 0.269
[80,     1] loss: 0.104
[80,  1601] loss: 0.105
[80,  3201] loss: 0.183
[80,  4801] loss: 0.278
[80,  6401] loss: 0.308
[80,  8001] loss: 0.130
[80,  9601] loss: 0.082
[80, 11201] loss: 0.120
[80, 12801] loss: 0.196
[81,     1] loss: 0.109
[81,  1601] loss: 0.090
[81,  3201] loss: 0.210
[81,  4801] loss: 0.389
[81,  6401] loss: 0.216
[81,  8001] loss: 0.096
[81,  9601] loss: 0.088
[81, 11201] loss: 0.122
[81, 12801] loss: 0.204
[82,     1] loss: 0.092
[82,  1601] loss: 0.081
[82,  3201] loss: 0.193
[82,  4801] loss: 0.304
[82,  6401] loss: 0.370
[82,  8001] loss: 0.126
[82,  9601] loss: 0.077
[82, 11201] loss: 0.155
[82, 12801] loss: 0.223
[83,     1] loss: 0.136
[83,  1601] loss: 0.072
[83,  3201] loss: 0.167
[83,  4801] loss: 0.357
[83,  6401] loss: 0.328
[83,  8001] loss: 0.149
[83,  9601] loss: 0.065
[83, 11201] loss: 0.124
[83, 12801] loss: 0.149
[84,     1] loss: 0.081
[84,  1601] loss: 0.071
[84,  3201] loss: 0.224
[84,  4801] loss: 0.263
[84,  6401] loss: 0.308
[84,  8001] loss: 0.151
[84,  9601] loss: 0.061
[84, 11201] loss: 0.106
[84, 12801] loss: 0.209
[85,     1] loss: 0.090
[85,  1601] loss: 0.080
[85,  3201] loss: 0.150
[85,  4801] loss: 0.353
[85,  6401] loss: 0.323
[85,  8001] loss: 0.087
[85,  9601] loss: 0.126
[85, 11201] loss: 0.095
[85, 12801] loss: 0.199
[86,     1] loss: 0.128
[86,  1601] loss: 0.045
[86,  3201] loss: 0.089
[86,  4801] loss: 0.259
[86,  6401] loss: 0.228
[86,  8001] loss: 0.122
[86,  9601] loss: 0.056
[86, 11201] loss: 0.132
[86, 12801] loss: 0.187
[87,     1] loss: 0.087
[87,  1601] loss: 0.073
[87,  3201] loss: 0.230
[87,  4801] loss: 0.215
[87,  6401] loss: 0.348
[87,  8001] loss: 0.156
[87,  9601] loss: 0.074
[87, 11201] loss: 0.093
[87, 12801] loss: 0.197
[88,     1] loss: 0.093
[88,  1601] loss: 0.089
[88,  3201] loss: 0.113
[88,  4801] loss: 0.314
[88,  6401] loss: 0.360
[88,  8001] loss: 0.159
[88,  9601] loss: 0.099
[88, 11201] loss: 0.111
[88, 12801] loss: 0.135
[89,     1] loss: 0.092
[89,  1601] loss: 0.067
[89,  3201] loss: 0.220
[89,  4801] loss: 0.444
[89,  6401] loss: 0.378
[89,  8001] loss: 0.094
[89,  9601] loss: 0.107
[89, 11201] loss: 0.091
[89, 12801] loss: 0.175
[90,     1] loss: 0.121
[90,  1601] loss: 0.072
[90,  3201] loss: 0.167
[90,  4801] loss: 0.520
[90,  6401] loss: 0.344
[90,  8001] loss: 0.157
[90,  9601] loss: 0.115
[90, 11201] loss: 0.085
[90, 12801] loss: 0.175
[91,     1] loss: 0.145
[91,  1601] loss: 0.076
[91,  3201] loss: 0.129
[91,  4801] loss: 0.361
[91,  6401] loss: 0.336
[91,  8001] loss: 0.095
[91,  9601] loss: 0.103
[91, 11201] loss: 0.109
[91, 12801] loss: 0.200
[92,     1] loss: 0.108
[92,  1601] loss: 0.054
[92,  3201] loss: 0.154
[92,  4801] loss: 0.386
[92,  6401] loss: 0.408
[92,  8001] loss: 0.142
[92,  9601] loss: 0.086
[92, 11201] loss: 0.177
[92, 12801] loss: 0.157
[93,     1] loss: 0.087
[93,  1601] loss: 0.057
[93,  3201] loss: 0.157
[93,  4801] loss: 0.254
[93,  6401] loss: 0.251
[93,  8001] loss: 0.155
[93,  9601] loss: 0.103
[93, 11201] loss: 0.113
[93, 12801] loss: 0.162
[94,     1] loss: 0.124
[94,  1601] loss: 0.102
[94,  3201] loss: 0.223
[94,  4801] loss: 0.264
[94,  6401] loss: 0.365
[94,  8001] loss: 0.122
[94,  9601] loss: 0.087
[94, 11201] loss: 0.126
[94, 12801] loss: 0.216
[95,     1] loss: 0.098
[95,  1601] loss: 0.057
[95,  3201] loss: 0.167
[95,  4801] loss: 0.376
[95,  6401] loss: 0.331
[95,  8001] loss: 0.086
[95,  9601] loss: 0.059
[95, 11201] loss: 0.119
[95, 12801] loss: 0.152
[96,     1] loss: 0.124
[96,  1601] loss: 0.090
[96,  3201] loss: 0.159
[96,  4801] loss: 0.321
[96,  6401] loss: 0.339
[96,  8001] loss: 0.134
[96,  9601] loss: 0.087
[96, 11201] loss: 0.133
[96, 12801] loss: 0.173
[97,     1] loss: 0.086
[97,  1601] loss: 0.095
[97,  3201] loss: 0.170
[97,  4801] loss: 0.293
[97,  6401] loss: 0.242
[97,  8001] loss: 0.107
[97,  9601] loss: 0.071
[97, 11201] loss: 0.138
[97, 12801] loss: 0.195
[98,     1] loss: 0.095
[98,  1601] loss: 0.097
[98,  3201] loss: 0.173
[98,  4801] loss: 0.306
[98,  6401] loss: 0.447
[98,  8001] loss: 0.113
[98,  9601] loss: 0.064
[98, 11201] loss: 0.144
[98, 12801] loss: 0.131
[99,     1] loss: 0.101
[99,  1601] loss: 0.055
[99,  3201] loss: 0.165
[99,  4801] loss: 0.288
[99,  6401] loss: 0.272
[99,  8001] loss: 0.126
[99,  9601] loss: 0.061
[99, 11201] loss: 0.075
[99, 12801] loss: 0.166
[100,     1] loss: 0.091
[100,  1601] loss: 0.080
[100,  3201] loss: 0.169
[100,  4801] loss: 0.359
[100,  6401] loss: 0.262
[100,  8001] loss: 0.105
[100,  9601] loss: 0.096
[100, 11201] loss: 0.089
[100, 12801] loss: 0.176
Finished Training
loss is: [0.15001270174980164, 0.08758507668972015, 0.13743799924850464, 0.09815618395805359, 0.1925939917564392, 0.10960529744625092, 0.07100789248943329, 0.06915543973445892, 0.1007971465587616, 0.07408846914768219, 0.1153387650847435, 0.11292628943920135, 0.18232959508895874, 0.11804323643445969, 0.055558525025844574, 0.17645232379436493, 0.21023216843605042, 0.11539848148822784, 0.37287193536758423, 0.06573181599378586]
BNN Model Saved
Ntest in def:  1460
Ntest: 1460
M_test1:  -0.005311416106997058
M_test2:  -0.05431098904594626
std_test1:  0.9992681593867817
std_test2:  0.9887940958613727
