Ntrain in def:  13139
Ntrain:  13139
Model starts
[1,     1] loss: 0.702
[1,  1601] loss: 0.377
[1,  3201] loss: 1.601
[1,  4801] loss: 2.276
[1,  6401] loss: 2.204
[1,  8001] loss: 0.684
[1,  9601] loss: 0.469
[1, 11201] loss: 0.672
[1, 12801] loss: 1.080
[2,     1] loss: 0.575
[2,  1601] loss: 0.358
[2,  3201] loss: 1.538
[2,  4801] loss: 2.133
[2,  6401] loss: 2.033
[2,  8001] loss: 0.631
[2,  9601] loss: 0.460
[2, 11201] loss: 0.577
[2, 12801] loss: 0.964
[3,     1] loss: 0.500
[3,  1601] loss: 0.318
[3,  3201] loss: 1.468
[3,  4801] loss: 1.886
[3,  6401] loss: 1.872
[3,  8001] loss: 0.531
[3,  9601] loss: 0.419
[3, 11201] loss: 0.500
[3, 12801] loss: 0.842
[4,     1] loss: 0.438
[4,  1601] loss: 0.286
[4,  3201] loss: 1.399
[4,  4801] loss: 1.748
[4,  6401] loss: 1.571
[4,  8001] loss: 0.469
[4,  9601] loss: 0.376
[4, 11201] loss: 0.445
[4, 12801] loss: 0.795
[5,     1] loss: 0.391
[5,  1601] loss: 0.272
[5,  3201] loss: 1.398
[5,  4801] loss: 1.601
[5,  6401] loss: 1.376
[5,  8001] loss: 0.493
[5,  9601] loss: 0.377
[5, 11201] loss: 0.389
[5, 12801] loss: 0.789
[6,     1] loss: 0.295
[6,  1601] loss: 0.272
[6,  3201] loss: 1.342
[6,  4801] loss: 1.531
[6,  6401] loss: 1.325
[6,  8001] loss: 0.450
[6,  9601] loss: 0.385
[6, 11201] loss: 0.444
[6, 12801] loss: 0.719
[7,     1] loss: 0.311
[7,  1601] loss: 0.259
[7,  3201] loss: 1.352
[7,  4801] loss: 1.405
[7,  6401] loss: 1.408
[7,  8001] loss: 0.455
[7,  9601] loss: 0.368
[7, 11201] loss: 0.448
[7, 12801] loss: 0.720
[8,     1] loss: 0.306
[8,  1601] loss: 0.281
[8,  3201] loss: 1.340
[8,  4801] loss: 1.341
[8,  6401] loss: 1.322
[8,  8001] loss: 0.422
[8,  9601] loss: 0.362
[8, 11201] loss: 0.483
[8, 12801] loss: 0.695
[9,     1] loss: 0.273
[9,  1601] loss: 0.259
[9,  3201] loss: 1.322
[9,  4801] loss: 1.356
[9,  6401] loss: 1.224
[9,  8001] loss: 0.409
[9,  9601] loss: 0.363
[9, 11201] loss: 0.515
[9, 12801] loss: 0.758
[10,     1] loss: 0.260
[10,  1601] loss: 0.262
[10,  3201] loss: 1.316
[10,  4801] loss: 1.364
[10,  6401] loss: 1.219
[10,  8001] loss: 0.426
[10,  9601] loss: 0.360
[10, 11201] loss: 0.353
[10, 12801] loss: 0.625
[11,     1] loss: 0.257
[11,  1601] loss: 0.266
[11,  3201] loss: 1.313
[11,  4801] loss: 1.287
[11,  6401] loss: 1.261
[11,  8001] loss: 0.411
[11,  9601] loss: 0.374
[11, 11201] loss: 0.379
[11, 12801] loss: 0.687
[12,     1] loss: 0.285
[12,  1601] loss: 0.247
[12,  3201] loss: 1.277
[12,  4801] loss: 1.367
[12,  6401] loss: 1.237
[12,  8001] loss: 0.410
[12,  9601] loss: 0.375
[12, 11201] loss: 0.351
[12, 12801] loss: 0.618
[13,     1] loss: 0.245
[13,  1601] loss: 0.232
[13,  3201] loss: 1.270
[13,  4801] loss: 1.272
[13,  6401] loss: 1.185
[13,  8001] loss: 0.405
[13,  9601] loss: 0.326
[13, 11201] loss: 0.351
[13, 12801] loss: 0.646
[14,     1] loss: 0.242
[14,  1601] loss: 0.243
[14,  3201] loss: 1.226
[14,  4801] loss: 1.186
[14,  6401] loss: 1.244
[14,  8001] loss: 0.371
[14,  9601] loss: 0.321
[14, 11201] loss: 0.290
[14, 12801] loss: 0.684
[15,     1] loss: 0.226
[15,  1601] loss: 0.229
[15,  3201] loss: 1.170
[15,  4801] loss: 1.118
[15,  6401] loss: 1.167
[15,  8001] loss: 0.367
[15,  9601] loss: 0.280
[15, 11201] loss: 0.322
[15, 12801] loss: 0.558
[16,     1] loss: 0.281
[16,  1601] loss: 0.206
[16,  3201] loss: 1.115
[16,  4801] loss: 1.295
[16,  6401] loss: 1.060
[16,  8001] loss: 0.333
[16,  9601] loss: 0.254
[16, 11201] loss: 0.297
[16, 12801] loss: 0.577
[17,     1] loss: 0.242
[17,  1601] loss: 0.200
[17,  3201] loss: 0.937
[17,  4801] loss: 1.018
[17,  6401] loss: 1.045
[17,  8001] loss: 0.315
[17,  9601] loss: 0.231
[17, 11201] loss: 0.262
[17, 12801] loss: 0.507
[18,     1] loss: 0.179
[18,  1601] loss: 0.136
[18,  3201] loss: 0.899
[18,  4801] loss: 0.947
[18,  6401] loss: 0.999
[18,  8001] loss: 0.247
[18,  9601] loss: 0.210
[18, 11201] loss: 0.257
[18, 12801] loss: 0.401
[19,     1] loss: 0.213
[19,  1601] loss: 0.136
[19,  3201] loss: 0.779
[19,  4801] loss: 0.875
[19,  6401] loss: 0.904
[19,  8001] loss: 0.227
[19,  9601] loss: 0.226
[19, 11201] loss: 0.329
[19, 12801] loss: 0.431
[20,     1] loss: 0.210
[20,  1601] loss: 0.119
[20,  3201] loss: 0.687
[20,  4801] loss: 0.810
[20,  6401] loss: 0.887
[20,  8001] loss: 0.219
[20,  9601] loss: 0.157
[20, 11201] loss: 0.214
[20, 12801] loss: 0.345
[21,     1] loss: 0.189
[21,  1601] loss: 0.114
[21,  3201] loss: 0.610
[21,  4801] loss: 0.845
[21,  6401] loss: 0.781
[21,  8001] loss: 0.169
[21,  9601] loss: 0.195
[21, 11201] loss: 0.232
[21, 12801] loss: 0.363
[22,     1] loss: 0.136
[22,  1601] loss: 0.115
[22,  3201] loss: 0.591
[22,  4801] loss: 0.910
[22,  6401] loss: 0.709
[22,  8001] loss: 0.196
[22,  9601] loss: 0.168
[22, 11201] loss: 0.254
[22, 12801] loss: 0.326
[23,     1] loss: 0.170
[23,  1601] loss: 0.109
[23,  3201] loss: 0.662
[23,  4801] loss: 0.787
[23,  6401] loss: 0.640
[23,  8001] loss: 0.260
[23,  9601] loss: 0.153
[23, 11201] loss: 0.259
[23, 12801] loss: 0.350
[24,     1] loss: 0.220
[24,  1601] loss: 0.117
[24,  3201] loss: 0.608
[24,  4801] loss: 0.658
[24,  6401] loss: 0.654
[24,  8001] loss: 0.182
[24,  9601] loss: 0.181
[24, 11201] loss: 0.259
[24, 12801] loss: 0.361
[25,     1] loss: 0.130
[25,  1601] loss: 0.099
[25,  3201] loss: 0.697
[25,  4801] loss: 0.650
[25,  6401] loss: 0.649
[25,  8001] loss: 0.189
[25,  9601] loss: 0.125
[25, 11201] loss: 0.251
[25, 12801] loss: 0.328
[26,     1] loss: 0.199
[26,  1601] loss: 0.100
[26,  3201] loss: 0.421
[26,  4801] loss: 0.786
[26,  6401] loss: 0.775
[26,  8001] loss: 0.188
[26,  9601] loss: 0.156
[26, 11201] loss: 0.245
[26, 12801] loss: 0.365
[27,     1] loss: 0.141
[27,  1601] loss: 0.144
[27,  3201] loss: 0.547
[27,  4801] loss: 0.799
[27,  6401] loss: 0.570
[27,  8001] loss: 0.223
[27,  9601] loss: 0.165
[27, 11201] loss: 0.187
[27, 12801] loss: 0.337
[28,     1] loss: 0.205
[28,  1601] loss: 0.120
[28,  3201] loss: 0.515
[28,  4801] loss: 0.690
[28,  6401] loss: 0.601
[28,  8001] loss: 0.140
[28,  9601] loss: 0.177
[28, 11201] loss: 0.228
[28, 12801] loss: 0.360
[29,     1] loss: 0.189
[29,  1601] loss: 0.120
[29,  3201] loss: 0.450
[29,  4801] loss: 0.645
[29,  6401] loss: 0.650
[29,  8001] loss: 0.173
[29,  9601] loss: 0.141
[29, 11201] loss: 0.326
[29, 12801] loss: 0.291
[30,     1] loss: 0.121
[30,  1601] loss: 0.116
[30,  3201] loss: 0.406
[30,  4801] loss: 0.777
[30,  6401] loss: 0.540
[30,  8001] loss: 0.179
[30,  9601] loss: 0.178
[30, 11201] loss: 0.245
[30, 12801] loss: 0.285
[31,     1] loss: 0.158
[31,  1601] loss: 0.085
[31,  3201] loss: 0.542
[31,  4801] loss: 0.799
[31,  6401] loss: 0.510
[31,  8001] loss: 0.188
[31,  9601] loss: 0.134
[31, 11201] loss: 0.190
[31, 12801] loss: 0.284
[32,     1] loss: 0.155
[32,  1601] loss: 0.091
[32,  3201] loss: 0.429
[32,  4801] loss: 0.755
[32,  6401] loss: 0.557
[32,  8001] loss: 0.223
[32,  9601] loss: 0.115
[32, 11201] loss: 0.211
[32, 12801] loss: 0.334
[33,     1] loss: 0.180
[33,  1601] loss: 0.101
[33,  3201] loss: 0.414
[33,  4801] loss: 0.763
[33,  6401] loss: 0.616
[33,  8001] loss: 0.110
[33,  9601] loss: 0.132
[33, 11201] loss: 0.209
[33, 12801] loss: 0.235
[34,     1] loss: 0.156
[34,  1601] loss: 0.112
[34,  3201] loss: 0.408
[34,  4801] loss: 0.609
[34,  6401] loss: 0.571
[34,  8001] loss: 0.216
[34,  9601] loss: 0.155
[34, 11201] loss: 0.212
[34, 12801] loss: 0.332
[35,     1] loss: 0.223
[35,  1601] loss: 0.074
[35,  3201] loss: 0.467
[35,  4801] loss: 0.764
[35,  6401] loss: 0.584
[35,  8001] loss: 0.123
[35,  9601] loss: 0.136
[35, 11201] loss: 0.213
[35, 12801] loss: 0.374
[36,     1] loss: 0.114
[36,  1601] loss: 0.087
[36,  3201] loss: 0.394
[36,  4801] loss: 0.583
[36,  6401] loss: 0.488
[36,  8001] loss: 0.131
[36,  9601] loss: 0.137
[36, 11201] loss: 0.245
[36, 12801] loss: 0.366
[37,     1] loss: 0.157
[37,  1601] loss: 0.088
[37,  3201] loss: 0.458
[37,  4801] loss: 0.661
[37,  6401] loss: 0.632
[37,  8001] loss: 0.134
[37,  9601] loss: 0.136
[37, 11201] loss: 0.254
[37, 12801] loss: 0.341
[38,     1] loss: 0.165
[38,  1601] loss: 0.090
[38,  3201] loss: 0.423
[38,  4801] loss: 0.741
[38,  6401] loss: 0.542
[38,  8001] loss: 0.114
[38,  9601] loss: 0.130
[38, 11201] loss: 0.243
[38, 12801] loss: 0.373
[39,     1] loss: 0.166
[39,  1601] loss: 0.098
[39,  3201] loss: 0.400
[39,  4801] loss: 0.573
[39,  6401] loss: 0.779
[39,  8001] loss: 0.156
[39,  9601] loss: 0.136
[39, 11201] loss: 0.223
[39, 12801] loss: 0.392
[40,     1] loss: 0.143
[40,  1601] loss: 0.092
[40,  3201] loss: 0.406
[40,  4801] loss: 0.748
[40,  6401] loss: 0.519
[40,  8001] loss: 0.168
[40,  9601] loss: 0.110
[40, 11201] loss: 0.177
[40, 12801] loss: 0.324
[41,     1] loss: 0.180
[41,  1601] loss: 0.128
[41,  3201] loss: 0.309
[41,  4801] loss: 0.572
[41,  6401] loss: 0.426
[41,  8001] loss: 0.154
[41,  9601] loss: 0.116
[41, 11201] loss: 0.183
[41, 12801] loss: 0.356
[42,     1] loss: 0.117
[42,  1601] loss: 0.071
[42,  3201] loss: 0.341
[42,  4801] loss: 0.693
[42,  6401] loss: 0.588
[42,  8001] loss: 0.153
[42,  9601] loss: 0.134
[42, 11201] loss: 0.248
[42, 12801] loss: 0.327
[43,     1] loss: 0.122
[43,  1601] loss: 0.084
[43,  3201] loss: 0.313
[43,  4801] loss: 0.556
[43,  6401] loss: 0.512
[43,  8001] loss: 0.185
[43,  9601] loss: 0.126
[43, 11201] loss: 0.126
[43, 12801] loss: 0.302
[44,     1] loss: 0.163
[44,  1601] loss: 0.060
[44,  3201] loss: 0.414
[44,  4801] loss: 0.625
[44,  6401] loss: 0.562
[44,  8001] loss: 0.194
[44,  9601] loss: 0.096
[44, 11201] loss: 0.176
[44, 12801] loss: 0.427
[45,     1] loss: 0.120
[45,  1601] loss: 0.082
[45,  3201] loss: 0.321
[45,  4801] loss: 0.685
[45,  6401] loss: 0.667
[45,  8001] loss: 0.175
[45,  9601] loss: 0.110
[45, 11201] loss: 0.194
[45, 12801] loss: 0.298
[46,     1] loss: 0.183
[46,  1601] loss: 0.097
[46,  3201] loss: 0.433
[46,  4801] loss: 0.679
[46,  6401] loss: 0.585
[46,  8001] loss: 0.130
[46,  9601] loss: 0.093
[46, 11201] loss: 0.110
[46, 12801] loss: 0.331
[47,     1] loss: 0.124
[47,  1601] loss: 0.087
[47,  3201] loss: 0.414
[47,  4801] loss: 0.726
[47,  6401] loss: 0.499
[47,  8001] loss: 0.159
[47,  9601] loss: 0.119
[47, 11201] loss: 0.174
[47, 12801] loss: 0.295
[48,     1] loss: 0.113
[48,  1601] loss: 0.084
[48,  3201] loss: 0.377
[48,  4801] loss: 0.553
[48,  6401] loss: 0.618
[48,  8001] loss: 0.117
[48,  9601] loss: 0.089
[48, 11201] loss: 0.246
[48, 12801] loss: 0.314
[49,     1] loss: 0.120
[49,  1601] loss: 0.073
[49,  3201] loss: 0.341
[49,  4801] loss: 0.669
[49,  6401] loss: 0.420
[49,  8001] loss: 0.177
[49,  9601] loss: 0.096
[49, 11201] loss: 0.204
[49, 12801] loss: 0.334
[50,     1] loss: 0.151
[50,  1601] loss: 0.078
[50,  3201] loss: 0.378
[50,  4801] loss: 0.675
[50,  6401] loss: 0.578
[50,  8001] loss: 0.193
[50,  9601] loss: 0.134
[50, 11201] loss: 0.163
[50, 12801] loss: 0.262
[51,     1] loss: 0.121
[51,  1601] loss: 0.109
[51,  3201] loss: 0.312
[51,  4801] loss: 0.598
[51,  6401] loss: 0.475
[51,  8001] loss: 0.144
[51,  9601] loss: 0.124
[51, 11201] loss: 0.208
[51, 12801] loss: 0.256
[52,     1] loss: 0.127
[52,  1601] loss: 0.091
[52,  3201] loss: 0.337
[52,  4801] loss: 0.411
[52,  6401] loss: 0.529
[52,  8001] loss: 0.104
[52,  9601] loss: 0.104
[52, 11201] loss: 0.210
[52, 12801] loss: 0.238
[53,     1] loss: 0.162
[53,  1601] loss: 0.093
[53,  3201] loss: 0.401
[53,  4801] loss: 0.528
[53,  6401] loss: 0.603
[53,  8001] loss: 0.149
[53,  9601] loss: 0.127
[53, 11201] loss: 0.234
[53, 12801] loss: 0.269
[54,     1] loss: 0.139
[54,  1601] loss: 0.080
[54,  3201] loss: 0.322
[54,  4801] loss: 0.640
[54,  6401] loss: 0.417
[54,  8001] loss: 0.164
[54,  9601] loss: 0.153
[54, 11201] loss: 0.212
[54, 12801] loss: 0.319
[55,     1] loss: 0.135
[55,  1601] loss: 0.080
[55,  3201] loss: 0.427
[55,  4801] loss: 0.631
[55,  6401] loss: 0.406
[55,  8001] loss: 0.119
[55,  9601] loss: 0.112
[55, 11201] loss: 0.182
[55, 12801] loss: 0.249
[56,     1] loss: 0.155
[56,  1601] loss: 0.093
[56,  3201] loss: 0.311
[56,  4801] loss: 0.651
[56,  6401] loss: 0.598
[56,  8001] loss: 0.146
[56,  9601] loss: 0.086
[56, 11201] loss: 0.151
[56, 12801] loss: 0.273
[57,     1] loss: 0.129
[57,  1601] loss: 0.079
[57,  3201] loss: 0.292
[57,  4801] loss: 0.579
[57,  6401] loss: 0.494
[57,  8001] loss: 0.135
[57,  9601] loss: 0.084
[57, 11201] loss: 0.174
[57, 12801] loss: 0.258
[58,     1] loss: 0.086
[58,  1601] loss: 0.076
[58,  3201] loss: 0.304
[58,  4801] loss: 0.504
[58,  6401] loss: 0.531
[58,  8001] loss: 0.171
[58,  9601] loss: 0.085
[58, 11201] loss: 0.140
[58, 12801] loss: 0.300
[59,     1] loss: 0.156
[59,  1601] loss: 0.065
[59,  3201] loss: 0.295
[59,  4801] loss: 0.539
[59,  6401] loss: 0.387
[59,  8001] loss: 0.117
[59,  9601] loss: 0.093
[59, 11201] loss: 0.253
[59, 12801] loss: 0.243
[60,     1] loss: 0.095
[60,  1601] loss: 0.088
[60,  3201] loss: 0.349
[60,  4801] loss: 0.436
[60,  6401] loss: 0.495
[60,  8001] loss: 0.135
[60,  9601] loss: 0.138
[60, 11201] loss: 0.146
[60, 12801] loss: 0.277
[61,     1] loss: 0.184
[61,  1601] loss: 0.066
[61,  3201] loss: 0.335
[61,  4801] loss: 0.590
[61,  6401] loss: 0.474
[61,  8001] loss: 0.157
[61,  9601] loss: 0.066
[61, 11201] loss: 0.124
[61, 12801] loss: 0.259
[62,     1] loss: 0.124
[62,  1601] loss: 0.057
[62,  3201] loss: 0.340
[62,  4801] loss: 0.522
[62,  6401] loss: 0.563
[62,  8001] loss: 0.113
[62,  9601] loss: 0.110
[62, 11201] loss: 0.181
[62, 12801] loss: 0.240
[63,     1] loss: 0.165
[63,  1601] loss: 0.074
[63,  3201] loss: 0.403
[63,  4801] loss: 0.501
[63,  6401] loss: 0.303
[63,  8001] loss: 0.145
[63,  9601] loss: 0.123
[63, 11201] loss: 0.174
[63, 12801] loss: 0.321
[64,     1] loss: 0.150
[64,  1601] loss: 0.079
[64,  3201] loss: 0.311
[64,  4801] loss: 0.507
[64,  6401] loss: 0.566
[64,  8001] loss: 0.105
[64,  9601] loss: 0.088
[64, 11201] loss: 0.198
[64, 12801] loss: 0.320
[65,     1] loss: 0.081
[65,  1601] loss: 0.059
[65,  3201] loss: 0.304
[65,  4801] loss: 0.499
[65,  6401] loss: 0.359
[65,  8001] loss: 0.086
[65,  9601] loss: 0.059
[65, 11201] loss: 0.230
[65, 12801] loss: 0.241
[66,     1] loss: 0.117
[66,  1601] loss: 0.062
[66,  3201] loss: 0.317
[66,  4801] loss: 0.520
[66,  6401] loss: 0.564
[66,  8001] loss: 0.101
[66,  9601] loss: 0.128
[66, 11201] loss: 0.134
[66, 12801] loss: 0.327
[67,     1] loss: 0.142
[67,  1601] loss: 0.057
[67,  3201] loss: 0.357
[67,  4801] loss: 0.415
[67,  6401] loss: 0.466
[67,  8001] loss: 0.140
[67,  9601] loss: 0.084
[67, 11201] loss: 0.131
[67, 12801] loss: 0.306
[68,     1] loss: 0.088
[68,  1601] loss: 0.070
[68,  3201] loss: 0.397
[68,  4801] loss: 0.577
[68,  6401] loss: 0.393
[68,  8001] loss: 0.115
[68,  9601] loss: 0.100
[68, 11201] loss: 0.181
[68, 12801] loss: 0.250
[69,     1] loss: 0.102
[69,  1601] loss: 0.087
[69,  3201] loss: 0.239
[69,  4801] loss: 0.584
[69,  6401] loss: 0.452
[69,  8001] loss: 0.077
[69,  9601] loss: 0.106
[69, 11201] loss: 0.188
[69, 12801] loss: 0.248
[70,     1] loss: 0.141
[70,  1601] loss: 0.055
[70,  3201] loss: 0.275
[70,  4801] loss: 0.522
[70,  6401] loss: 0.478
[70,  8001] loss: 0.152
[70,  9601] loss: 0.166
[70, 11201] loss: 0.096
[70, 12801] loss: 0.335
[71,     1] loss: 0.147
[71,  1601] loss: 0.065
[71,  3201] loss: 0.273
[71,  4801] loss: 0.537
[71,  6401] loss: 0.353
[71,  8001] loss: 0.118
[71,  9601] loss: 0.102
[71, 11201] loss: 0.165
[71, 12801] loss: 0.222
[72,     1] loss: 0.116
[72,  1601] loss: 0.059
[72,  3201] loss: 0.337
[72,  4801] loss: 0.478
[72,  6401] loss: 0.394
[72,  8001] loss: 0.114
[72,  9601] loss: 0.109
[72, 11201] loss: 0.087
[72, 12801] loss: 0.262
[73,     1] loss: 0.128
[73,  1601] loss: 0.055
[73,  3201] loss: 0.274
[73,  4801] loss: 0.458
[73,  6401] loss: 0.350
[73,  8001] loss: 0.092
[73,  9601] loss: 0.108
[73, 11201] loss: 0.167
[73, 12801] loss: 0.287
[74,     1] loss: 0.130
[74,  1601] loss: 0.071
[74,  3201] loss: 0.315
[74,  4801] loss: 0.486
[74,  6401] loss: 0.548
[74,  8001] loss: 0.102
[74,  9601] loss: 0.140
[74, 11201] loss: 0.140
[74, 12801] loss: 0.282
[75,     1] loss: 0.153
[75,  1601] loss: 0.076
[75,  3201] loss: 0.252
[75,  4801] loss: 0.381
[75,  6401] loss: 0.439
[75,  8001] loss: 0.102
[75,  9601] loss: 0.077
[75, 11201] loss: 0.162
[75, 12801] loss: 0.235
[76,     1] loss: 0.087
[76,  1601] loss: 0.089
[76,  3201] loss: 0.296
[76,  4801] loss: 0.501
[76,  6401] loss: 0.386
[76,  8001] loss: 0.145
[76,  9601] loss: 0.091
[76, 11201] loss: 0.123
[76, 12801] loss: 0.275
[77,     1] loss: 0.095
[77,  1601] loss: 0.078
[77,  3201] loss: 0.263
[77,  4801] loss: 0.538
[77,  6401] loss: 0.470
[77,  8001] loss: 0.142
[77,  9601] loss: 0.088
[77, 11201] loss: 0.146
[77, 12801] loss: 0.254
[78,     1] loss: 0.109
[78,  1601] loss: 0.050
[78,  3201] loss: 0.282
[78,  4801] loss: 0.450
[78,  6401] loss: 0.392
[78,  8001] loss: 0.139
[78,  9601] loss: 0.088
[78, 11201] loss: 0.169
[78, 12801] loss: 0.238
[79,     1] loss: 0.144
[79,  1601] loss: 0.065
[79,  3201] loss: 0.331
[79,  4801] loss: 0.411
[79,  6401] loss: 0.549
[79,  8001] loss: 0.092
[79,  9601] loss: 0.094
[79, 11201] loss: 0.163
[79, 12801] loss: 0.276
[80,     1] loss: 0.128
[80,  1601] loss: 0.062
[80,  3201] loss: 0.244
[80,  4801] loss: 0.698
[80,  6401] loss: 0.487
[80,  8001] loss: 0.148
[80,  9601] loss: 0.104
[80, 11201] loss: 0.190
[80, 12801] loss: 0.268
[81,     1] loss: 0.109
[81,  1601] loss: 0.056
[81,  3201] loss: 0.275
[81,  4801] loss: 0.569
[81,  6401] loss: 0.334
[81,  8001] loss: 0.088
[81,  9601] loss: 0.081
[81, 11201] loss: 0.139
[81, 12801] loss: 0.246
[82,     1] loss: 0.101
[82,  1601] loss: 0.080
[82,  3201] loss: 0.251
[82,  4801] loss: 0.424
[82,  6401] loss: 0.469
[82,  8001] loss: 0.145
[82,  9601] loss: 0.089
[82, 11201] loss: 0.130
[82, 12801] loss: 0.232
[83,     1] loss: 0.128
[83,  1601] loss: 0.055
[83,  3201] loss: 0.225
[83,  4801] loss: 0.470
[83,  6401] loss: 0.369
[83,  8001] loss: 0.076
[83,  9601] loss: 0.092
[83, 11201] loss: 0.153
[83, 12801] loss: 0.300
[84,     1] loss: 0.142
[84,  1601] loss: 0.066
[84,  3201] loss: 0.299
[84,  4801] loss: 0.459
[84,  6401] loss: 0.498
[84,  8001] loss: 0.122
[84,  9601] loss: 0.099
[84, 11201] loss: 0.125
[84, 12801] loss: 0.243
[85,     1] loss: 0.120
[85,  1601] loss: 0.062
[85,  3201] loss: 0.240
[85,  4801] loss: 0.523
[85,  6401] loss: 0.378
[85,  8001] loss: 0.137
[85,  9601] loss: 0.063
[85, 11201] loss: 0.151
[85, 12801] loss: 0.267
[86,     1] loss: 0.121
[86,  1601] loss: 0.064
[86,  3201] loss: 0.262
[86,  4801] loss: 0.708
[86,  6401] loss: 0.363
[86,  8001] loss: 0.152
[86,  9601] loss: 0.087
[86, 11201] loss: 0.125
[86, 12801] loss: 0.225
[87,     1] loss: 0.075
[87,  1601] loss: 0.081
[87,  3201] loss: 0.248
[87,  4801] loss: 0.547
[87,  6401] loss: 0.397
[87,  8001] loss: 0.152
[87,  9601] loss: 0.083
[87, 11201] loss: 0.142
[87, 12801] loss: 0.274
[88,     1] loss: 0.113
[88,  1601] loss: 0.063
[88,  3201] loss: 0.227
[88,  4801] loss: 0.383
[88,  6401] loss: 0.337
[88,  8001] loss: 0.105
[88,  9601] loss: 0.061
[88, 11201] loss: 0.196
[88, 12801] loss: 0.219
[89,     1] loss: 0.097
[89,  1601] loss: 0.046
[89,  3201] loss: 0.239
[89,  4801] loss: 0.506
[89,  6401] loss: 0.346
[89,  8001] loss: 0.105
[89,  9601] loss: 0.067
[89, 11201] loss: 0.089
[89, 12801] loss: 0.251
[90,     1] loss: 0.115
[90,  1601] loss: 0.059
[90,  3201] loss: 0.284
[90,  4801] loss: 0.530
[90,  6401] loss: 0.454
[90,  8001] loss: 0.069
[90,  9601] loss: 0.091
[90, 11201] loss: 0.145
[90, 12801] loss: 0.283
[91,     1] loss: 0.070
[91,  1601] loss: 0.059
[91,  3201] loss: 0.199
[91,  4801] loss: 0.380
[91,  6401] loss: 0.321
[91,  8001] loss: 0.079
[91,  9601] loss: 0.106
[91, 11201] loss: 0.143
[91, 12801] loss: 0.267
[92,     1] loss: 0.154
[92,  1601] loss: 0.063
[92,  3201] loss: 0.340
[92,  4801] loss: 0.392
[92,  6401] loss: 0.412
[92,  8001] loss: 0.110
[92,  9601] loss: 0.082
[92, 11201] loss: 0.172
[92, 12801] loss: 0.251
[93,     1] loss: 0.114
[93,  1601] loss: 0.061
[93,  3201] loss: 0.191
[93,  4801] loss: 0.366
[93,  6401] loss: 0.308
[93,  8001] loss: 0.103
[93,  9601] loss: 0.064
[93, 11201] loss: 0.176
[93, 12801] loss: 0.311
[94,     1] loss: 0.128
[94,  1601] loss: 0.044
[94,  3201] loss: 0.237
[94,  4801] loss: 0.327
[94,  6401] loss: 0.318
[94,  8001] loss: 0.086
[94,  9601] loss: 0.113
[94, 11201] loss: 0.175
[94, 12801] loss: 0.338
[95,     1] loss: 0.087
[95,  1601] loss: 0.068
[95,  3201] loss: 0.180
[95,  4801] loss: 0.417
[95,  6401] loss: 0.333
[95,  8001] loss: 0.129
[95,  9601] loss: 0.055
[95, 11201] loss: 0.148
[95, 12801] loss: 0.308
[96,     1] loss: 0.101
[96,  1601] loss: 0.049
[96,  3201] loss: 0.178
[96,  4801] loss: 0.533
[96,  6401] loss: 0.476
[96,  8001] loss: 0.116
[96,  9601] loss: 0.085
[96, 11201] loss: 0.099
[96, 12801] loss: 0.300
[97,     1] loss: 0.170
[97,  1601] loss: 0.047
[97,  3201] loss: 0.299
[97,  4801] loss: 0.371
[97,  6401] loss: 0.466
[97,  8001] loss: 0.127
[97,  9601] loss: 0.134
[97, 11201] loss: 0.206
[97, 12801] loss: 0.293
[98,     1] loss: 0.151
[98,  1601] loss: 0.051
[98,  3201] loss: 0.326
[98,  4801] loss: 0.521
[98,  6401] loss: 0.320
[98,  8001] loss: 0.165
[98,  9601] loss: 0.101
[98, 11201] loss: 0.110
[98, 12801] loss: 0.247
[99,     1] loss: 0.073
[99,  1601] loss: 0.044
[99,  3201] loss: 0.382
[99,  4801] loss: 0.445
[99,  6401] loss: 0.345
[99,  8001] loss: 0.107
[99,  9601] loss: 0.046
[99, 11201] loss: 0.116
[99, 12801] loss: 0.339
[100,     1] loss: 0.114
[100,  1601] loss: 0.055
[100,  3201] loss: 0.231
[100,  4801] loss: 0.384
[100,  6401] loss: 0.426
[100,  8001] loss: 0.106
[100,  9601] loss: 0.085
[100, 11201] loss: 0.099
[100, 12801] loss: 0.236
Finished Training
loss is: [0.14045311510562897, 0.15964007377624512, 0.07462093234062195, 0.12936942279338837, 0.19656604528427124, 0.10843397676944733, 0.09767208248376846, 0.043796606361866, 0.11064940690994263, 0.06844913959503174, 0.16625401377677917, 0.14854586124420166, 0.09461353719234467, 0.07516750693321228, 0.09753499180078506, 0.2363208383321762, 0.9011918306350708, 0.40630674362182617, 0.7174042463302612, 0.2543356716632843]
BNN Model Saved
Ntest in def:  1451
Ntest: 1451
M_test1:  0.003002400116960959
M_test2:  -0.042609494765174234
std_test1:  0.9956340115620972
std_test2:  0.9804827873617322
