Ntrain in def:  13136
Ntrain:  13136
Model starts
[1,     1] loss: 0.689
[1,  1601] loss: 0.409
[1,  3201] loss: 1.631
[1,  4801] loss: 2.438
[1,  6401] loss: 2.309
[1,  8001] loss: 0.700
[1,  9601] loss: 0.487
[1, 11201] loss: 0.915
[1, 12801] loss: 1.077
[2,     1] loss: 0.659
[2,  1601] loss: 0.345
[2,  3201] loss: 1.647
[2,  4801] loss: 2.335
[2,  6401] loss: 2.258
[2,  8001] loss: 0.711
[2,  9601] loss: 0.486
[2, 11201] loss: 0.886
[2, 12801] loss: 1.076
[3,     1] loss: 0.657
[3,  1601] loss: 0.340
[3,  3201] loss: 1.634
[3,  4801] loss: 2.319
[3,  6401] loss: 2.242
[3,  8001] loss: 0.697
[3,  9601] loss: 0.479
[3, 11201] loss: 0.870
[3, 12801] loss: 1.043
[4,     1] loss: 0.646
[4,  1601] loss: 0.340
[4,  3201] loss: 1.582
[4,  4801] loss: 2.290
[4,  6401] loss: 2.210
[4,  8001] loss: 0.663
[4,  9601] loss: 0.462
[4, 11201] loss: 0.840
[4, 12801] loss: 0.998
[5,     1] loss: 0.628
[5,  1601] loss: 0.323
[5,  3201] loss: 1.512
[5,  4801] loss: 2.201
[5,  6401] loss: 2.138
[5,  8001] loss: 0.610
[5,  9601] loss: 0.423
[5, 11201] loss: 0.799
[5, 12801] loss: 0.949
[6,     1] loss: 0.609
[6,  1601] loss: 0.304
[6,  3201] loss: 1.372
[6,  4801] loss: 2.117
[6,  6401] loss: 2.013
[6,  8001] loss: 0.549
[6,  9601] loss: 0.374
[6, 11201] loss: 0.727
[6, 12801] loss: 0.846
[7,     1] loss: 0.548
[7,  1601] loss: 0.271
[7,  3201] loss: 1.297
[7,  4801] loss: 1.909
[7,  6401] loss: 1.925
[7,  8001] loss: 0.547
[7,  9601] loss: 0.349
[7, 11201] loss: 0.668
[7, 12801] loss: 0.879
[8,     1] loss: 0.525
[8,  1601] loss: 0.239
[8,  3201] loss: 0.880
[8,  4801] loss: 1.894
[8,  6401] loss: 1.804
[8,  8001] loss: 0.391
[8,  9601] loss: 0.280
[8, 11201] loss: 0.619
[8, 12801] loss: 0.754
[9,     1] loss: 0.477
[9,  1601] loss: 0.229
[9,  3201] loss: 0.928
[9,  4801] loss: 1.788
[9,  6401] loss: 1.667
[9,  8001] loss: 0.385
[9,  9601] loss: 0.316
[9, 11201] loss: 0.576
[9, 12801] loss: 0.606
[10,     1] loss: 0.431
[10,  1601] loss: 0.189
[10,  3201] loss: 0.940
[10,  4801] loss: 1.488
[10,  6401] loss: 1.484
[10,  8001] loss: 0.336
[10,  9601] loss: 0.253
[10, 11201] loss: 0.472
[10, 12801] loss: 0.575
[11,     1] loss: 0.379
[11,  1601] loss: 0.203
[11,  3201] loss: 0.614
[11,  4801] loss: 1.464
[11,  6401] loss: 1.390
[11,  8001] loss: 0.340
[11,  9601] loss: 0.281
[11, 11201] loss: 0.440
[11, 12801] loss: 0.619
[12,     1] loss: 0.289
[12,  1601] loss: 0.174
[12,  3201] loss: 0.621
[12,  4801] loss: 1.225
[12,  6401] loss: 1.113
[12,  8001] loss: 0.287
[12,  9601] loss: 0.220
[12, 11201] loss: 0.380
[12, 12801] loss: 0.535
[13,     1] loss: 0.308
[13,  1601] loss: 0.132
[13,  3201] loss: 0.800
[13,  4801] loss: 1.222
[13,  6401] loss: 1.158
[13,  8001] loss: 0.269
[13,  9601] loss: 0.196
[13, 11201] loss: 0.312
[13, 12801] loss: 0.547
[14,     1] loss: 0.266
[14,  1601] loss: 0.152
[14,  3201] loss: 0.776
[14,  4801] loss: 1.009
[14,  6401] loss: 1.013
[14,  8001] loss: 0.280
[14,  9601] loss: 0.212
[14, 11201] loss: 0.331
[14, 12801] loss: 0.493
[15,     1] loss: 0.280
[15,  1601] loss: 0.178
[15,  3201] loss: 0.620
[15,  4801] loss: 1.101
[15,  6401] loss: 0.965
[15,  8001] loss: 0.257
[15,  9601] loss: 0.243
[15, 11201] loss: 0.307
[15, 12801] loss: 0.484
[16,     1] loss: 0.175
[16,  1601] loss: 0.188
[16,  3201] loss: 0.460
[16,  4801] loss: 1.031
[16,  6401] loss: 1.037
[16,  8001] loss: 0.239
[16,  9601] loss: 0.193
[16, 11201] loss: 0.260
[16, 12801] loss: 0.398
[17,     1] loss: 0.228
[17,  1601] loss: 0.141
[17,  3201] loss: 0.493
[17,  4801] loss: 0.997
[17,  6401] loss: 0.876
[17,  8001] loss: 0.276
[17,  9601] loss: 0.181
[17, 11201] loss: 0.273
[17, 12801] loss: 0.462
[18,     1] loss: 0.264
[18,  1601] loss: 0.167
[18,  3201] loss: 0.749
[18,  4801] loss: 0.950
[18,  6401] loss: 0.782
[18,  8001] loss: 0.261
[18,  9601] loss: 0.196
[18, 11201] loss: 0.286
[18, 12801] loss: 0.374
[19,     1] loss: 0.225
[19,  1601] loss: 0.153
[19,  3201] loss: 0.350
[19,  4801] loss: 0.944
[19,  6401] loss: 0.931
[19,  8001] loss: 0.283
[19,  9601] loss: 0.246
[19, 11201] loss: 0.265
[19, 12801] loss: 0.624
[20,     1] loss: 0.199
[20,  1601] loss: 0.196
[20,  3201] loss: 0.442
[20,  4801] loss: 1.112
[20,  6401] loss: 0.725
[20,  8001] loss: 0.323
[20,  9601] loss: 0.229
[20, 11201] loss: 0.287
[20, 12801] loss: 0.443
[21,     1] loss: 0.220
[21,  1601] loss: 0.134
[21,  3201] loss: 0.428
[21,  4801] loss: 0.863
[21,  6401] loss: 0.976
[21,  8001] loss: 0.168
[21,  9601] loss: 0.199
[21, 11201] loss: 0.272
[21, 12801] loss: 0.352
[22,     1] loss: 0.239
[22,  1601] loss: 0.145
[22,  3201] loss: 0.541
[22,  4801] loss: 0.833
[22,  6401] loss: 0.773
[22,  8001] loss: 0.260
[22,  9601] loss: 0.176
[22, 11201] loss: 0.267
[22, 12801] loss: 0.352
[23,     1] loss: 0.226
[23,  1601] loss: 0.135
[23,  3201] loss: 0.513
[23,  4801] loss: 0.986
[23,  6401] loss: 0.961
[23,  8001] loss: 0.245
[23,  9601] loss: 0.192
[23, 11201] loss: 0.305
[23, 12801] loss: 0.388
[24,     1] loss: 0.183
[24,  1601] loss: 0.186
[24,  3201] loss: 0.671
[24,  4801] loss: 0.964
[24,  6401] loss: 0.749
[24,  8001] loss: 0.230
[24,  9601] loss: 0.212
[24, 11201] loss: 0.260
[24, 12801] loss: 0.501
[25,     1] loss: 0.214
[25,  1601] loss: 0.097
[25,  3201] loss: 0.895
[25,  4801] loss: 0.846
[25,  6401] loss: 0.788
[25,  8001] loss: 0.344
[25,  9601] loss: 0.212
[25, 11201] loss: 0.273
[25, 12801] loss: 0.402
[26,     1] loss: 0.206
[26,  1601] loss: 0.168
[26,  3201] loss: 0.716
[26,  4801] loss: 1.059
[26,  6401] loss: 0.635
[26,  8001] loss: 0.239
[26,  9601] loss: 0.163
[26, 11201] loss: 0.248
[26, 12801] loss: 0.500
[27,     1] loss: 0.188
[27,  1601] loss: 0.199
[27,  3201] loss: 0.484
[27,  4801] loss: 0.964
[27,  6401] loss: 0.845
[27,  8001] loss: 0.294
[27,  9601] loss: 0.267
[27, 11201] loss: 0.283
[27, 12801] loss: 0.477
[28,     1] loss: 0.323
[28,  1601] loss: 0.184
[28,  3201] loss: 0.618
[28,  4801] loss: 0.853
[28,  6401] loss: 0.648
[28,  8001] loss: 0.341
[28,  9601] loss: 0.217
[28, 11201] loss: 0.272
[28, 12801] loss: 0.425
[29,     1] loss: 0.200
[29,  1601] loss: 0.140
[29,  3201] loss: 0.565
[29,  4801] loss: 0.852
[29,  6401] loss: 0.749
[29,  8001] loss: 0.409
[29,  9601] loss: 0.236
[29, 11201] loss: 0.251
[29, 12801] loss: 0.448
[30,     1] loss: 0.164
[30,  1601] loss: 0.181
[30,  3201] loss: 0.388
[30,  4801] loss: 0.848
[30,  6401] loss: 0.750
[30,  8001] loss: 0.252
[30,  9601] loss: 0.207
[30, 11201] loss: 0.237
[30, 12801] loss: 0.584
[31,     1] loss: 0.186
[31,  1601] loss: 0.161
[31,  3201] loss: 0.483
[31,  4801] loss: 0.788
[31,  6401] loss: 0.564
[31,  8001] loss: 0.263
[31,  9601] loss: 0.165
[31, 11201] loss: 0.255
[31, 12801] loss: 0.468
[32,     1] loss: 0.279
[32,  1601] loss: 0.172
[32,  3201] loss: 0.471
[32,  4801] loss: 0.789
[32,  6401] loss: 0.741
[32,  8001] loss: 0.234
[32,  9601] loss: 0.204
[32, 11201] loss: 0.256
[32, 12801] loss: 0.554
[33,     1] loss: 0.223
[33,  1601] loss: 0.124
[33,  3201] loss: 0.398
[33,  4801] loss: 0.831
[33,  6401] loss: 0.883
[33,  8001] loss: 0.276
[33,  9601] loss: 0.194
[33, 11201] loss: 0.236
[33, 12801] loss: 0.324
[34,     1] loss: 0.161
[34,  1601] loss: 0.215
[34,  3201] loss: 0.493
[34,  4801] loss: 0.851
[34,  6401] loss: 0.625
[34,  8001] loss: 0.245
[34,  9601] loss: 0.214
[34, 11201] loss: 0.229
[34, 12801] loss: 0.526
[35,     1] loss: 0.185
[35,  1601] loss: 0.108
[35,  3201] loss: 0.710
[35,  4801] loss: 0.812
[35,  6401] loss: 0.839
[35,  8001] loss: 0.169
[35,  9601] loss: 0.178
[35, 11201] loss: 0.239
[35, 12801] loss: 0.493
[36,     1] loss: 0.175
[36,  1601] loss: 0.141
[36,  3201] loss: 0.561
[36,  4801] loss: 0.765
[36,  6401] loss: 0.829
[36,  8001] loss: 0.274
[36,  9601] loss: 0.188
[36, 11201] loss: 0.244
[36, 12801] loss: 0.447
[37,     1] loss: 0.226
[37,  1601] loss: 0.230
[37,  3201] loss: 0.383
[37,  4801] loss: 0.913
[37,  6401] loss: 0.785
[37,  8001] loss: 0.216
[37,  9601] loss: 0.138
[37, 11201] loss: 0.257
[37, 12801] loss: 0.299
[38,     1] loss: 0.174
[38,  1601] loss: 0.152
[38,  3201] loss: 0.507
[38,  4801] loss: 0.921
[38,  6401] loss: 0.693
[38,  8001] loss: 0.237
[38,  9601] loss: 0.192
[38, 11201] loss: 0.222
[38, 12801] loss: 0.453
[39,     1] loss: 0.212
[39,  1601] loss: 0.158
[39,  3201] loss: 0.397
[39,  4801] loss: 0.860
[39,  6401] loss: 0.720
[39,  8001] loss: 0.184
[39,  9601] loss: 0.136
[39, 11201] loss: 0.265
[39, 12801] loss: 0.566
[40,     1] loss: 0.230
[40,  1601] loss: 0.145
[40,  3201] loss: 0.400
[40,  4801] loss: 0.992
[40,  6401] loss: 0.892
[40,  8001] loss: 0.170
[40,  9601] loss: 0.195
[40, 11201] loss: 0.279
[40, 12801] loss: 0.376
[41,     1] loss: 0.244
[41,  1601] loss: 0.095
[41,  3201] loss: 0.553
[41,  4801] loss: 0.721
[41,  6401] loss: 0.561
[41,  8001] loss: 0.202
[41,  9601] loss: 0.151
[41, 11201] loss: 0.254
[41, 12801] loss: 0.389
[42,     1] loss: 0.294
[42,  1601] loss: 0.177
[42,  3201] loss: 0.515
[42,  4801] loss: 0.958
[42,  6401] loss: 0.882
[42,  8001] loss: 0.309
[42,  9601] loss: 0.164
[42, 11201] loss: 0.206
[42, 12801] loss: 0.432
[43,     1] loss: 0.209
[43,  1601] loss: 0.131
[43,  3201] loss: 0.503
[43,  4801] loss: 0.995
[43,  6401] loss: 0.707
[43,  8001] loss: 0.261
[43,  9601] loss: 0.205
[43, 11201] loss: 0.272
[43, 12801] loss: 0.392
[44,     1] loss: 0.215
[44,  1601] loss: 0.161
[44,  3201] loss: 0.291
[44,  4801] loss: 0.770
[44,  6401] loss: 0.614
[44,  8001] loss: 0.241
[44,  9601] loss: 0.134
[44, 11201] loss: 0.232
[44, 12801] loss: 0.509
[45,     1] loss: 0.175
[45,  1601] loss: 0.123
[45,  3201] loss: 0.588
[45,  4801] loss: 0.793
[45,  6401] loss: 0.546
[45,  8001] loss: 0.249
[45,  9601] loss: 0.231
[45, 11201] loss: 0.241
[45, 12801] loss: 0.357
[46,     1] loss: 0.218
[46,  1601] loss: 0.126
[46,  3201] loss: 0.588
[46,  4801] loss: 0.951
[46,  6401] loss: 0.908
[46,  8001] loss: 0.318
[46,  9601] loss: 0.151
[46, 11201] loss: 0.224
[46, 12801] loss: 0.380
[47,     1] loss: 0.195
[47,  1601] loss: 0.146
[47,  3201] loss: 0.370
[47,  4801] loss: 0.792
[47,  6401] loss: 0.692
[47,  8001] loss: 0.246
[47,  9601] loss: 0.206
[47, 11201] loss: 0.237
[47, 12801] loss: 0.473
[48,     1] loss: 0.190
[48,  1601] loss: 0.171
[48,  3201] loss: 0.852
[48,  4801] loss: 0.836
[48,  6401] loss: 0.701
[48,  8001] loss: 0.227
[48,  9601] loss: 0.132
[48, 11201] loss: 0.222
[48, 12801] loss: 0.398
[49,     1] loss: 0.173
[49,  1601] loss: 0.155
[49,  3201] loss: 0.683
[49,  4801] loss: 0.907
[49,  6401] loss: 0.596
[49,  8001] loss: 0.193
[49,  9601] loss: 0.182
[49, 11201] loss: 0.253
[49, 12801] loss: 0.556
[50,     1] loss: 0.212
[50,  1601] loss: 0.212
[50,  3201] loss: 0.307
[50,  4801] loss: 0.942
[50,  6401] loss: 0.664
[50,  8001] loss: 0.211
[50,  9601] loss: 0.222
[50, 11201] loss: 0.249
[50, 12801] loss: 0.363
[51,     1] loss: 0.211
[51,  1601] loss: 0.191
[51,  3201] loss: 0.338
[51,  4801] loss: 0.703
[51,  6401] loss: 0.706
[51,  8001] loss: 0.434
[51,  9601] loss: 0.255
[51, 11201] loss: 0.188
[51, 12801] loss: 0.403
[52,     1] loss: 0.198
[52,  1601] loss: 0.144
[52,  3201] loss: 0.402
[52,  4801] loss: 0.789
[52,  6401] loss: 0.764
[52,  8001] loss: 0.332
[52,  9601] loss: 0.173
[52, 11201] loss: 0.248
[52, 12801] loss: 0.438
[53,     1] loss: 0.210
[53,  1601] loss: 0.129
[53,  3201] loss: 0.486
[53,  4801] loss: 0.770
[53,  6401] loss: 0.900
[53,  8001] loss: 0.230
[53,  9601] loss: 0.185
[53, 11201] loss: 0.249
[53, 12801] loss: 0.549
[54,     1] loss: 0.223
[54,  1601] loss: 0.130
[54,  3201] loss: 0.580
[54,  4801] loss: 0.921
[54,  6401] loss: 0.653
[54,  8001] loss: 0.267
[54,  9601] loss: 0.227
[54, 11201] loss: 0.226
[54, 12801] loss: 0.367
[55,     1] loss: 0.184
[55,  1601] loss: 0.196
[55,  3201] loss: 0.491
[55,  4801] loss: 0.964
[55,  6401] loss: 0.823
[55,  8001] loss: 0.202
[55,  9601] loss: 0.152
[55, 11201] loss: 0.212
[55, 12801] loss: 0.419
[56,     1] loss: 0.181
[56,  1601] loss: 0.111
[56,  3201] loss: 0.296
[56,  4801] loss: 0.727
[56,  6401] loss: 0.753
[56,  8001] loss: 0.165
[56,  9601] loss: 0.170
[56, 11201] loss: 0.278
[56, 12801] loss: 0.470
[57,     1] loss: 0.215
[57,  1601] loss: 0.135
[57,  3201] loss: 0.577
[57,  4801] loss: 0.643
[57,  6401] loss: 0.734
[57,  8001] loss: 0.301
[57,  9601] loss: 0.176
[57, 11201] loss: 0.224
[57, 12801] loss: 0.328
[58,     1] loss: 0.197
[58,  1601] loss: 0.150
[58,  3201] loss: 0.391
[58,  4801] loss: 1.046
[58,  6401] loss: 0.520
[58,  8001] loss: 0.232
[58,  9601] loss: 0.145
[58, 11201] loss: 0.268
[58, 12801] loss: 0.438
[59,     1] loss: 0.272
[59,  1601] loss: 0.129
[59,  3201] loss: 0.535
[59,  4801] loss: 0.937
[59,  6401] loss: 0.751
[59,  8001] loss: 0.161
[59,  9601] loss: 0.188
[59, 11201] loss: 0.248
[59, 12801] loss: 0.464
[60,     1] loss: 0.285
[60,  1601] loss: 0.103
[60,  3201] loss: 0.342
[60,  4801] loss: 0.863
[60,  6401] loss: 0.823
[60,  8001] loss: 0.204
[60,  9601] loss: 0.221
[60, 11201] loss: 0.200
[60, 12801] loss: 0.396
[61,     1] loss: 0.236
[61,  1601] loss: 0.167
[61,  3201] loss: 0.390
[61,  4801] loss: 0.931
[61,  6401] loss: 0.651
[61,  8001] loss: 0.283
[61,  9601] loss: 0.151
[61, 11201] loss: 0.191
[61, 12801] loss: 0.494
[62,     1] loss: 0.229
[62,  1601] loss: 0.178
[62,  3201] loss: 0.511
[62,  4801] loss: 0.768
[62,  6401] loss: 0.670
[62,  8001] loss: 0.193
[62,  9601] loss: 0.194
[62, 11201] loss: 0.228
[62, 12801] loss: 0.379
[63,     1] loss: 0.219
[63,  1601] loss: 0.149
[63,  3201] loss: 0.546
[63,  4801] loss: 1.186
[63,  6401] loss: 0.649
[63,  8001] loss: 0.175
[63,  9601] loss: 0.186
[63, 11201] loss: 0.234
[63, 12801] loss: 0.388
[64,     1] loss: 0.199
[64,  1601] loss: 0.134
[64,  3201] loss: 0.533
[64,  4801] loss: 0.869
[64,  6401] loss: 0.670
[64,  8001] loss: 0.259
[64,  9601] loss: 0.121
[64, 11201] loss: 0.267
[64, 12801] loss: 0.395
[65,     1] loss: 0.208
[65,  1601] loss: 0.159
[65,  3201] loss: 0.614
[65,  4801] loss: 1.036
[65,  6401] loss: 0.618
[65,  8001] loss: 0.300
[65,  9601] loss: 0.189
[65, 11201] loss: 0.249
[65, 12801] loss: 0.444
[66,     1] loss: 0.279
[66,  1601] loss: 0.132
[66,  3201] loss: 0.479
[66,  4801] loss: 0.774
[66,  6401] loss: 0.523
[66,  8001] loss: 0.196
[66,  9601] loss: 0.186
[66, 11201] loss: 0.223
[66, 12801] loss: 0.464
[67,     1] loss: 0.179
[67,  1601] loss: 0.095
[67,  3201] loss: 0.497
[67,  4801] loss: 0.925
[67,  6401] loss: 0.586
[67,  8001] loss: 0.285
[67,  9601] loss: 0.178
[67, 11201] loss: 0.249
[67, 12801] loss: 0.430
[68,     1] loss: 0.245
[68,  1601] loss: 0.137
[68,  3201] loss: 0.368
[68,  4801] loss: 0.968
[68,  6401] loss: 0.571
[68,  8001] loss: 0.179
[68,  9601] loss: 0.149
[68, 11201] loss: 0.238
[68, 12801] loss: 0.481
[69,     1] loss: 0.245
[69,  1601] loss: 0.169
[69,  3201] loss: 0.368
[69,  4801] loss: 0.740
[69,  6401] loss: 0.518
[69,  8001] loss: 0.188
[69,  9601] loss: 0.214
[69, 11201] loss: 0.225
[69, 12801] loss: 0.441
[70,     1] loss: 0.174
[70,  1601] loss: 0.237
[70,  3201] loss: 0.477
[70,  4801] loss: 0.866
[70,  6401] loss: 0.644
[70,  8001] loss: 0.258
[70,  9601] loss: 0.126
[70, 11201] loss: 0.227
[70, 12801] loss: 0.369
[71,     1] loss: 0.179
[71,  1601] loss: 0.119
[71,  3201] loss: 0.554
[71,  4801] loss: 0.991
[71,  6401] loss: 0.536
[71,  8001] loss: 0.302
[71,  9601] loss: 0.201
[71, 11201] loss: 0.267
[71, 12801] loss: 0.439
[72,     1] loss: 0.210
[72,  1601] loss: 0.151
[72,  3201] loss: 0.342
[72,  4801] loss: 0.716
[72,  6401] loss: 0.551
[72,  8001] loss: 0.145
[72,  9601] loss: 0.156
[72, 11201] loss: 0.237
[72, 12801] loss: 0.418
[73,     1] loss: 0.331
[73,  1601] loss: 0.175
[73,  3201] loss: 0.512
[73,  4801] loss: 0.995
[73,  6401] loss: 0.663
[73,  8001] loss: 0.304
[73,  9601] loss: 0.173
[73, 11201] loss: 0.229
[73, 12801] loss: 0.429
[74,     1] loss: 0.258
[74,  1601] loss: 0.142
[74,  3201] loss: 0.424
[74,  4801] loss: 0.773
[74,  6401] loss: 0.778
[74,  8001] loss: 0.252
[74,  9601] loss: 0.179
[74, 11201] loss: 0.233
[74, 12801] loss: 0.296
[75,     1] loss: 0.157
[75,  1601] loss: 0.144
[75,  3201] loss: 0.504
[75,  4801] loss: 0.941
[75,  6401] loss: 0.825
[75,  8001] loss: 0.306
[75,  9601] loss: 0.179
[75, 11201] loss: 0.231
[75, 12801] loss: 0.437
[76,     1] loss: 0.215
[76,  1601] loss: 0.176
[76,  3201] loss: 0.500
[76,  4801] loss: 1.055
[76,  6401] loss: 0.571
[76,  8001] loss: 0.196
[76,  9601] loss: 0.184
[76, 11201] loss: 0.251
[76, 12801] loss: 0.364
[77,     1] loss: 0.303
[77,  1601] loss: 0.186
[77,  3201] loss: 0.417
[77,  4801] loss: 0.871
[77,  6401] loss: 0.608
[77,  8001] loss: 0.304
[77,  9601] loss: 0.162
[77, 11201] loss: 0.213
[77, 12801] loss: 0.338
[78,     1] loss: 0.205
[78,  1601] loss: 0.080
[78,  3201] loss: 0.508
[78,  4801] loss: 0.857
[78,  6401] loss: 0.705
[78,  8001] loss: 0.200
[78,  9601] loss: 0.184
[78, 11201] loss: 0.264
[78, 12801] loss: 0.545
[79,     1] loss: 0.251
[79,  1601] loss: 0.089
[79,  3201] loss: 0.445
[79,  4801] loss: 0.772
[79,  6401] loss: 0.663
[79,  8001] loss: 0.298
[79,  9601] loss: 0.180
[79, 11201] loss: 0.228
[79, 12801] loss: 0.367
[80,     1] loss: 0.204
[80,  1601] loss: 0.156
[80,  3201] loss: 0.387
[80,  4801] loss: 0.794
[80,  6401] loss: 0.627
[80,  8001] loss: 0.271
[80,  9601] loss: 0.234
[80, 11201] loss: 0.254
[80, 12801] loss: 0.431
[81,     1] loss: 0.200
[81,  1601] loss: 0.189
[81,  3201] loss: 0.403
[81,  4801] loss: 0.924
[81,  6401] loss: 0.693
[81,  8001] loss: 0.331
[81,  9601] loss: 0.215
[81, 11201] loss: 0.244
[81, 12801] loss: 0.364
[82,     1] loss: 0.196
[82,  1601] loss: 0.148
[82,  3201] loss: 0.377
[82,  4801] loss: 0.704
[82,  6401] loss: 0.657
[82,  8001] loss: 0.198
[82,  9601] loss: 0.187
[82, 11201] loss: 0.223
[82, 12801] loss: 0.420
[83,     1] loss: 0.160
[83,  1601] loss: 0.131
[83,  3201] loss: 0.384
[83,  4801] loss: 0.869
[83,  6401] loss: 0.631
[83,  8001] loss: 0.254
[83,  9601] loss: 0.178
[83, 11201] loss: 0.264
[83, 12801] loss: 0.338
[84,     1] loss: 0.206
[84,  1601] loss: 0.161
[84,  3201] loss: 0.748
[84,  4801] loss: 0.887
[84,  6401] loss: 0.851
[84,  8001] loss: 0.258
[84,  9601] loss: 0.216
[84, 11201] loss: 0.260
[84, 12801] loss: 0.409
[85,     1] loss: 0.245
[85,  1601] loss: 0.114
[85,  3201] loss: 0.436
[85,  4801] loss: 0.665
[85,  6401] loss: 0.656
[85,  8001] loss: 0.290
[85,  9601] loss: 0.175
[85, 11201] loss: 0.219
[85, 12801] loss: 0.301
[86,     1] loss: 0.204
[86,  1601] loss: 0.160
[86,  3201] loss: 0.542
[86,  4801] loss: 1.030
[86,  6401] loss: 0.592
[86,  8001] loss: 0.165
[86,  9601] loss: 0.164
[86, 11201] loss: 0.245
[86, 12801] loss: 0.589
[87,     1] loss: 0.193
[87,  1601] loss: 0.165
[87,  3201] loss: 0.550
[87,  4801] loss: 0.959
[87,  6401] loss: 0.804
[87,  8001] loss: 0.234
[87,  9601] loss: 0.188
[87, 11201] loss: 0.206
[87, 12801] loss: 0.383
[88,     1] loss: 0.205
[88,  1601] loss: 0.168
[88,  3201] loss: 0.518
[88,  4801] loss: 0.837
[88,  6401] loss: 0.949
[88,  8001] loss: 0.169
[88,  9601] loss: 0.194
[88, 11201] loss: 0.275
[88, 12801] loss: 0.434
[89,     1] loss: 0.183
[89,  1601] loss: 0.182
[89,  3201] loss: 0.467
[89,  4801] loss: 0.694
[89,  6401] loss: 0.694
[89,  8001] loss: 0.222
[89,  9601] loss: 0.154
[89, 11201] loss: 0.249
[89, 12801] loss: 0.427
[90,     1] loss: 0.191
[90,  1601] loss: 0.106
[90,  3201] loss: 0.487
[90,  4801] loss: 0.717
[90,  6401] loss: 0.630
[90,  8001] loss: 0.234
[90,  9601] loss: 0.199
[90, 11201] loss: 0.260
[90, 12801] loss: 0.338
[91,     1] loss: 0.324
[91,  1601] loss: 0.130
[91,  3201] loss: 0.374
[91,  4801] loss: 0.836
[91,  6401] loss: 0.691
[91,  8001] loss: 0.228
[91,  9601] loss: 0.176
[91, 11201] loss: 0.216
[91, 12801] loss: 0.356
[92,     1] loss: 0.144
[92,  1601] loss: 0.116
[92,  3201] loss: 0.337
[92,  4801] loss: 0.641
[92,  6401] loss: 0.710
[92,  8001] loss: 0.277
[92,  9601] loss: 0.193
[92, 11201] loss: 0.218
[92, 12801] loss: 0.298
[93,     1] loss: 0.145
[93,  1601] loss: 0.196
[93,  3201] loss: 0.452
[93,  4801] loss: 0.741
[93,  6401] loss: 0.484
[93,  8001] loss: 0.300
[93,  9601] loss: 0.182
[93, 11201] loss: 0.219
[93, 12801] loss: 0.293
[94,     1] loss: 0.224
[94,  1601] loss: 0.111
[94,  3201] loss: 0.420
[94,  4801] loss: 0.796
[94,  6401] loss: 0.533
[94,  8001] loss: 0.208
[94,  9601] loss: 0.198
[94, 11201] loss: 0.203
[94, 12801] loss: 0.371
[95,     1] loss: 0.231
[95,  1601] loss: 0.130
[95,  3201] loss: 0.403
[95,  4801] loss: 0.884
[95,  6401] loss: 0.601
[95,  8001] loss: 0.162
[95,  9601] loss: 0.188
[95, 11201] loss: 0.191
[95, 12801] loss: 0.461
[96,     1] loss: 0.218
[96,  1601] loss: 0.151
[96,  3201] loss: 0.275
[96,  4801] loss: 0.897
[96,  6401] loss: 0.866
[96,  8001] loss: 0.234
[96,  9601] loss: 0.182
[96, 11201] loss: 0.195
[96, 12801] loss: 0.439
[97,     1] loss: 0.195
[97,  1601] loss: 0.169
[97,  3201] loss: 0.328
[97,  4801] loss: 0.791
[97,  6401] loss: 0.606
[97,  8001] loss: 0.237
[97,  9601] loss: 0.157
[97, 11201] loss: 0.225
[97, 12801] loss: 0.363
[98,     1] loss: 0.169
[98,  1601] loss: 0.112
[98,  3201] loss: 0.447
[98,  4801] loss: 0.985
[98,  6401] loss: 0.789
[98,  8001] loss: 0.257
[98,  9601] loss: 0.208
[98, 11201] loss: 0.203
[98, 12801] loss: 0.370
[99,     1] loss: 0.188
[99,  1601] loss: 0.110
[99,  3201] loss: 0.365
[99,  4801] loss: 0.786
[99,  6401] loss: 0.432
[99,  8001] loss: 0.193
[99,  9601] loss: 0.177
[99, 11201] loss: 0.267
[99, 12801] loss: 0.483
[100,     1] loss: 0.207
[100,  1601] loss: 0.144
[100,  3201] loss: 0.454
[100,  4801] loss: 0.821
[100,  6401] loss: 0.800
[100,  8001] loss: 0.176
[100,  9601] loss: 0.183
[100, 11201] loss: 0.227
[100, 12801] loss: 0.271
Finished Training
loss is: [0.21837779879570007, 0.1559734344482422, 0.15819154679775238, 0.1861831545829773, 0.4250120222568512, 0.2743443250656128, 0.17278188467025757, 0.2364748865365982, 0.1948525607585907, 0.1119803935289383, 0.30915579199790955, 0.2644069194793701, 0.2107827067375183, 0.1550024151802063, 0.1589542031288147, 0.2710680365562439, 1.09282648563385, 0.47621920704841614, 0.7024951577186584, 0.30080386996269226]
BNN Model Saved
Ntest in def:  1448
Ntest: 1448
M_test1:  0.00339134006919558
M_test2:  -0.03865422307705321
std_test1:  0.9966271191326717
std_test2:  0.9776186395165847
