Ntrain in def:  13144
Ntrain:  13144
Model starts
[1,     1] loss: 0.711
[1,  1601] loss: 0.560
[1,  3201] loss: 1.409
[1,  4801] loss: 2.424
[1,  6401] loss: 2.290
[1,  8001] loss: 0.798
[1,  9601] loss: 0.522
[1, 11201] loss: 0.821
[1, 12801] loss: 1.171
[2,     1] loss: 0.673
[2,  1601] loss: 0.393
[2,  3201] loss: 1.351
[2,  4801] loss: 2.222
[2,  6401] loss: 2.161
[2,  8001] loss: 0.777
[2,  9601] loss: 0.492
[2, 11201] loss: 0.779
[2, 12801] loss: 1.104
[3,     1] loss: 0.647
[3,  1601] loss: 0.350
[3,  3201] loss: 1.236
[3,  4801] loss: 2.117
[3,  6401] loss: 2.035
[3,  8001] loss: 0.703
[3,  9601] loss: 0.425
[3, 11201] loss: 0.732
[3, 12801] loss: 1.007
[4,     1] loss: 0.601
[4,  1601] loss: 0.325
[4,  3201] loss: 1.089
[4,  4801] loss: 1.906
[4,  6401] loss: 1.886
[4,  8001] loss: 0.620
[4,  9601] loss: 0.362
[4, 11201] loss: 0.678
[4, 12801] loss: 0.925
[5,     1] loss: 0.585
[5,  1601] loss: 0.316
[5,  3201] loss: 1.017
[5,  4801] loss: 1.867
[5,  6401] loss: 1.768
[5,  8001] loss: 0.553
[5,  9601] loss: 0.318
[5, 11201] loss: 0.647
[5, 12801] loss: 0.866
[6,     1] loss: 0.536
[6,  1601] loss: 0.276
[6,  3201] loss: 0.934
[6,  4801] loss: 1.693
[6,  6401] loss: 1.619
[6,  8001] loss: 0.554
[6,  9601] loss: 0.282
[6, 11201] loss: 0.655
[6, 12801] loss: 0.854
[7,     1] loss: 0.554
[7,  1601] loss: 0.301
[7,  3201] loss: 0.900
[7,  4801] loss: 1.712
[7,  6401] loss: 1.627
[7,  8001] loss: 0.516
[7,  9601] loss: 0.273
[7, 11201] loss: 0.645
[7, 12801] loss: 0.830
[8,     1] loss: 0.560
[8,  1601] loss: 0.310
[8,  3201] loss: 0.854
[8,  4801] loss: 1.726
[8,  6401] loss: 1.596
[8,  8001] loss: 0.515
[8,  9601] loss: 0.264
[8, 11201] loss: 0.626
[8, 12801] loss: 0.825
[9,     1] loss: 0.552
[9,  1601] loss: 0.273
[9,  3201] loss: 0.879
[9,  4801] loss: 1.682
[9,  6401] loss: 1.522
[9,  8001] loss: 0.503
[9,  9601] loss: 0.245
[9, 11201] loss: 0.636
[9, 12801] loss: 0.818
[10,     1] loss: 0.543
[10,  1601] loss: 0.272
[10,  3201] loss: 0.874
[10,  4801] loss: 1.667
[10,  6401] loss: 1.530
[10,  8001] loss: 0.500
[10,  9601] loss: 0.247
[10, 11201] loss: 0.638
[10, 12801] loss: 0.801
[11,     1] loss: 0.549
[11,  1601] loss: 0.286
[11,  3201] loss: 0.801
[11,  4801] loss: 1.688
[11,  6401] loss: 1.517
[11,  8001] loss: 0.503
[11,  9601] loss: 0.280
[11, 11201] loss: 0.624
[11, 12801] loss: 0.785
[12,     1] loss: 0.547
[12,  1601] loss: 0.265
[12,  3201] loss: 0.768
[12,  4801] loss: 1.691
[12,  6401] loss: 1.531
[12,  8001] loss: 0.521
[12,  9601] loss: 0.266
[12, 11201] loss: 0.634
[12, 12801] loss: 0.776
[13,     1] loss: 0.538
[13,  1601] loss: 0.259
[13,  3201] loss: 0.792
[13,  4801] loss: 1.543
[13,  6401] loss: 1.552
[13,  8001] loss: 0.491
[13,  9601] loss: 0.252
[13, 11201] loss: 0.612
[13, 12801] loss: 0.797
[14,     1] loss: 0.540
[14,  1601] loss: 0.275
[14,  3201] loss: 0.751
[14,  4801] loss: 1.548
[14,  6401] loss: 1.545
[14,  8001] loss: 0.483
[14,  9601] loss: 0.270
[14, 11201] loss: 0.607
[14, 12801] loss: 0.773
[15,     1] loss: 0.569
[15,  1601] loss: 0.263
[15,  3201] loss: 0.773
[15,  4801] loss: 1.536
[15,  6401] loss: 1.537
[15,  8001] loss: 0.500
[15,  9601] loss: 0.261
[15, 11201] loss: 0.636
[15, 12801] loss: 0.765
[16,     1] loss: 0.549
[16,  1601] loss: 0.246
[16,  3201] loss: 0.748
[16,  4801] loss: 1.552
[16,  6401] loss: 1.552
[16,  8001] loss: 0.507
[16,  9601] loss: 0.250
[16, 11201] loss: 0.626
[16, 12801] loss: 0.783
[17,     1] loss: 0.546
[17,  1601] loss: 0.265
[17,  3201] loss: 0.763
[17,  4801] loss: 1.652
[17,  6401] loss: 1.532
[17,  8001] loss: 0.502
[17,  9601] loss: 0.243
[17, 11201] loss: 0.624
[17, 12801] loss: 0.767
[18,     1] loss: 0.539
[18,  1601] loss: 0.259
[18,  3201] loss: 0.734
[18,  4801] loss: 1.539
[18,  6401] loss: 1.628
[18,  8001] loss: 0.495
[18,  9601] loss: 0.269
[18, 11201] loss: 0.613
[18, 12801] loss: 0.794
[19,     1] loss: 0.541
[19,  1601] loss: 0.249
[19,  3201] loss: 0.698
[19,  4801] loss: 1.563
[19,  6401] loss: 1.540
[19,  8001] loss: 0.503
[19,  9601] loss: 0.254
[19, 11201] loss: 0.623
[19, 12801] loss: 0.769
[20,     1] loss: 0.555
[20,  1601] loss: 0.268
[20,  3201] loss: 0.679
[20,  4801] loss: 1.629
[20,  6401] loss: 1.594
[20,  8001] loss: 0.487
[20,  9601] loss: 0.240
[20, 11201] loss: 0.610
[20, 12801] loss: 0.776
[21,     1] loss: 0.554
[21,  1601] loss: 0.249
[21,  3201] loss: 0.729
[21,  4801] loss: 1.558
[21,  6401] loss: 1.545
[21,  8001] loss: 0.493
[21,  9601] loss: 0.262
[21, 11201] loss: 0.616
[21, 12801] loss: 0.763
[22,     1] loss: 0.536
[22,  1601] loss: 0.267
[22,  3201] loss: 0.696
[22,  4801] loss: 1.559
[22,  6401] loss: 1.516
[22,  8001] loss: 0.485
[22,  9601] loss: 0.254
[22, 11201] loss: 0.610
[22, 12801] loss: 0.757
[23,     1] loss: 0.554
[23,  1601] loss: 0.271
[23,  3201] loss: 0.695
[23,  4801] loss: 1.508
[23,  6401] loss: 1.472
[23,  8001] loss: 0.483
[23,  9601] loss: 0.249
[23, 11201] loss: 0.598
[23, 12801] loss: 0.781
[24,     1] loss: 0.537
[24,  1601] loss: 0.272
[24,  3201] loss: 0.693
[24,  4801] loss: 1.532
[24,  6401] loss: 1.541
[24,  8001] loss: 0.488
[24,  9601] loss: 0.263
[24, 11201] loss: 0.617
[24, 12801] loss: 0.753
[25,     1] loss: 0.545
[25,  1601] loss: 0.253
[25,  3201] loss: 0.703
[25,  4801] loss: 1.659
[25,  6401] loss: 1.523
[25,  8001] loss: 0.502
[25,  9601] loss: 0.233
[25, 11201] loss: 0.595
[25, 12801] loss: 0.746
[26,     1] loss: 0.524
[26,  1601] loss: 0.246
[26,  3201] loss: 0.648
[26,  4801] loss: 1.532
[26,  6401] loss: 1.480
[26,  8001] loss: 0.497
[26,  9601] loss: 0.230
[26, 11201] loss: 0.618
[26, 12801] loss: 0.738
[27,     1] loss: 0.532
[27,  1601] loss: 0.240
[27,  3201] loss: 0.706
[27,  4801] loss: 1.526
[27,  6401] loss: 1.478
[27,  8001] loss: 0.490
[27,  9601] loss: 0.228
[27, 11201] loss: 0.586
[27, 12801] loss: 0.746
[28,     1] loss: 0.518
[28,  1601] loss: 0.245
[28,  3201] loss: 0.672
[28,  4801] loss: 1.505
[28,  6401] loss: 1.494
[28,  8001] loss: 0.451
[28,  9601] loss: 0.232
[28, 11201] loss: 0.553
[28, 12801] loss: 0.706
[29,     1] loss: 0.489
[29,  1601] loss: 0.259
[29,  3201] loss: 0.625
[29,  4801] loss: 1.477
[29,  6401] loss: 1.460
[29,  8001] loss: 0.435
[29,  9601] loss: 0.204
[29, 11201] loss: 0.492
[29, 12801] loss: 0.720
[30,     1] loss: 0.483
[30,  1601] loss: 0.207
[30,  3201] loss: 0.596
[30,  4801] loss: 1.555
[30,  6401] loss: 1.377
[30,  8001] loss: 0.473
[30,  9601] loss: 0.222
[30, 11201] loss: 0.481
[30, 12801] loss: 0.707
[31,     1] loss: 0.458
[31,  1601] loss: 0.215
[31,  3201] loss: 0.597
[31,  4801] loss: 1.329
[31,  6401] loss: 1.291
[31,  8001] loss: 0.403
[31,  9601] loss: 0.241
[31, 11201] loss: 0.429
[31, 12801] loss: 0.656
[32,     1] loss: 0.418
[32,  1601] loss: 0.207
[32,  3201] loss: 0.511
[32,  4801] loss: 1.303
[32,  6401] loss: 1.284
[32,  8001] loss: 0.365
[32,  9601] loss: 0.164
[32, 11201] loss: 0.390
[32, 12801] loss: 0.562
[33,     1] loss: 0.382
[33,  1601] loss: 0.165
[33,  3201] loss: 0.564
[33,  4801] loss: 1.167
[33,  6401] loss: 1.140
[33,  8001] loss: 0.347
[33,  9601] loss: 0.206
[33, 11201] loss: 0.356
[33, 12801] loss: 0.551
[34,     1] loss: 0.289
[34,  1601] loss: 0.162
[34,  3201] loss: 0.528
[34,  4801] loss: 1.039
[34,  6401] loss: 1.085
[34,  8001] loss: 0.278
[34,  9601] loss: 0.213
[34, 11201] loss: 0.325
[34, 12801] loss: 0.426
[35,     1] loss: 0.272
[35,  1601] loss: 0.135
[35,  3201] loss: 0.580
[35,  4801] loss: 0.856
[35,  6401] loss: 0.753
[35,  8001] loss: 0.252
[35,  9601] loss: 0.139
[35, 11201] loss: 0.322
[35, 12801] loss: 0.394
[36,     1] loss: 0.267
[36,  1601] loss: 0.126
[36,  3201] loss: 0.464
[36,  4801] loss: 0.812
[36,  6401] loss: 0.799
[36,  8001] loss: 0.228
[36,  9601] loss: 0.170
[36, 11201] loss: 0.257
[36, 12801] loss: 0.388
[37,     1] loss: 0.205
[37,  1601] loss: 0.145
[37,  3201] loss: 0.471
[37,  4801] loss: 0.701
[37,  6401] loss: 0.734
[37,  8001] loss: 0.199
[37,  9601] loss: 0.135
[37, 11201] loss: 0.265
[37, 12801] loss: 0.278
[38,     1] loss: 0.249
[38,  1601] loss: 0.152
[38,  3201] loss: 0.412
[38,  4801] loss: 0.761
[38,  6401] loss: 0.632
[38,  8001] loss: 0.175
[38,  9601] loss: 0.138
[38, 11201] loss: 0.222
[38, 12801] loss: 0.322
[39,     1] loss: 0.185
[39,  1601] loss: 0.119
[39,  3201] loss: 0.457
[39,  4801] loss: 0.780
[39,  6401] loss: 0.641
[39,  8001] loss: 0.226
[39,  9601] loss: 0.175
[39, 11201] loss: 0.210
[39, 12801] loss: 0.283
[40,     1] loss: 0.187
[40,  1601] loss: 0.141
[40,  3201] loss: 0.469
[40,  4801] loss: 0.690
[40,  6401] loss: 0.648
[40,  8001] loss: 0.183
[40,  9601] loss: 0.163
[40, 11201] loss: 0.182
[40, 12801] loss: 0.371
[41,     1] loss: 0.178
[41,  1601] loss: 0.137
[41,  3201] loss: 0.510
[41,  4801] loss: 0.650
[41,  6401] loss: 0.538
[41,  8001] loss: 0.140
[41,  9601] loss: 0.108
[41, 11201] loss: 0.277
[41, 12801] loss: 0.267
[42,     1] loss: 0.163
[42,  1601] loss: 0.159
[42,  3201] loss: 0.501
[42,  4801] loss: 0.726
[42,  6401] loss: 0.574
[42,  8001] loss: 0.160
[42,  9601] loss: 0.116
[42, 11201] loss: 0.201
[42, 12801] loss: 0.269
[43,     1] loss: 0.126
[43,  1601] loss: 0.117
[43,  3201] loss: 0.461
[43,  4801] loss: 0.609
[43,  6401] loss: 0.637
[43,  8001] loss: 0.179
[43,  9601] loss: 0.086
[43, 11201] loss: 0.178
[43, 12801] loss: 0.337
[44,     1] loss: 0.170
[44,  1601] loss: 0.130
[44,  3201] loss: 0.485
[44,  4801] loss: 0.687
[44,  6401] loss: 0.553
[44,  8001] loss: 0.212
[44,  9601] loss: 0.154
[44, 11201] loss: 0.216
[44, 12801] loss: 0.286
[45,     1] loss: 0.171
[45,  1601] loss: 0.127
[45,  3201] loss: 0.396
[45,  4801] loss: 0.509
[45,  6401] loss: 0.470
[45,  8001] loss: 0.160
[45,  9601] loss: 0.139
[45, 11201] loss: 0.213
[45, 12801] loss: 0.250
[46,     1] loss: 0.138
[46,  1601] loss: 0.121
[46,  3201] loss: 0.475
[46,  4801] loss: 0.540
[46,  6401] loss: 0.510
[46,  8001] loss: 0.140
[46,  9601] loss: 0.101
[46, 11201] loss: 0.178
[46, 12801] loss: 0.308
[47,     1] loss: 0.154
[47,  1601] loss: 0.099
[47,  3201] loss: 0.354
[47,  4801] loss: 0.668
[47,  6401] loss: 0.581
[47,  8001] loss: 0.179
[47,  9601] loss: 0.126
[47, 11201] loss: 0.269
[47, 12801] loss: 0.310
[48,     1] loss: 0.141
[48,  1601] loss: 0.112
[48,  3201] loss: 0.401
[48,  4801] loss: 0.627
[48,  6401] loss: 0.634
[48,  8001] loss: 0.272
[48,  9601] loss: 0.137
[48, 11201] loss: 0.231
[48, 12801] loss: 0.304
[49,     1] loss: 0.168
[49,  1601] loss: 0.128
[49,  3201] loss: 0.394
[49,  4801] loss: 0.626
[49,  6401] loss: 0.544
[49,  8001] loss: 0.144
[49,  9601] loss: 0.140
[49, 11201] loss: 0.285
[49, 12801] loss: 0.289
[50,     1] loss: 0.174
[50,  1601] loss: 0.091
[50,  3201] loss: 0.512
[50,  4801] loss: 0.721
[50,  6401] loss: 0.513
[50,  8001] loss: 0.143
[50,  9601] loss: 0.147
[50, 11201] loss: 0.173
[50, 12801] loss: 0.243
[51,     1] loss: 0.150
[51,  1601] loss: 0.114
[51,  3201] loss: 0.419
[51,  4801] loss: 0.627
[51,  6401] loss: 0.522
[51,  8001] loss: 0.157
[51,  9601] loss: 0.102
[51, 11201] loss: 0.227
[51, 12801] loss: 0.312
[52,     1] loss: 0.175
[52,  1601] loss: 0.138
[52,  3201] loss: 0.468
[52,  4801] loss: 0.792
[52,  6401] loss: 0.537
[52,  8001] loss: 0.139
[52,  9601] loss: 0.130
[52, 11201] loss: 0.170
[52, 12801] loss: 0.280
[53,     1] loss: 0.157
[53,  1601] loss: 0.105
[53,  3201] loss: 0.406
[53,  4801] loss: 0.564
[53,  6401] loss: 0.680
[53,  8001] loss: 0.140
[53,  9601] loss: 0.136
[53, 11201] loss: 0.182
[53, 12801] loss: 0.279
[54,     1] loss: 0.133
[54,  1601] loss: 0.120
[54,  3201] loss: 0.440
[54,  4801] loss: 0.591
[54,  6401] loss: 0.511
[54,  8001] loss: 0.140
[54,  9601] loss: 0.133
[54, 11201] loss: 0.241
[54, 12801] loss: 0.240
[55,     1] loss: 0.167
[55,  1601] loss: 0.101
[55,  3201] loss: 0.456
[55,  4801] loss: 0.743
[55,  6401] loss: 0.467
[55,  8001] loss: 0.108
[55,  9601] loss: 0.168
[55, 11201] loss: 0.177
[55, 12801] loss: 0.285
[56,     1] loss: 0.139
[56,  1601] loss: 0.091
[56,  3201] loss: 0.440
[56,  4801] loss: 0.708
[56,  6401] loss: 0.504
[56,  8001] loss: 0.157
[56,  9601] loss: 0.110
[56, 11201] loss: 0.184
[56, 12801] loss: 0.283
[57,     1] loss: 0.169
[57,  1601] loss: 0.149
[57,  3201] loss: 0.409
[57,  4801] loss: 0.589
[57,  6401] loss: 0.606
[57,  8001] loss: 0.168
[57,  9601] loss: 0.134
[57, 11201] loss: 0.144
[57, 12801] loss: 0.276
[58,     1] loss: 0.129
[58,  1601] loss: 0.098
[58,  3201] loss: 0.446
[58,  4801] loss: 0.544
[58,  6401] loss: 0.489
[58,  8001] loss: 0.152
[58,  9601] loss: 0.114
[58, 11201] loss: 0.117
[58, 12801] loss: 0.265
[59,     1] loss: 0.149
[59,  1601] loss: 0.107
[59,  3201] loss: 0.436
[59,  4801] loss: 0.444
[59,  6401] loss: 0.556
[59,  8001] loss: 0.165
[59,  9601] loss: 0.103
[59, 11201] loss: 0.188
[59, 12801] loss: 0.265
[60,     1] loss: 0.132
[60,  1601] loss: 0.148
[60,  3201] loss: 0.350
[60,  4801] loss: 0.583
[60,  6401] loss: 0.518
[60,  8001] loss: 0.162
[60,  9601] loss: 0.092
[60, 11201] loss: 0.150
[60, 12801] loss: 0.275
[61,     1] loss: 0.085
[61,  1601] loss: 0.105
[61,  3201] loss: 0.401
[61,  4801] loss: 0.478
[61,  6401] loss: 0.495
[61,  8001] loss: 0.156
[61,  9601] loss: 0.139
[61, 11201] loss: 0.141
[61, 12801] loss: 0.253
[62,     1] loss: 0.162
[62,  1601] loss: 0.109
[62,  3201] loss: 0.440
[62,  4801] loss: 0.470
[62,  6401] loss: 0.586
[62,  8001] loss: 0.142
[62,  9601] loss: 0.126
[62, 11201] loss: 0.205
[62, 12801] loss: 0.238
[63,     1] loss: 0.136
[63,  1601] loss: 0.104
[63,  3201] loss: 0.368
[63,  4801] loss: 0.483
[63,  6401] loss: 0.682
[63,  8001] loss: 0.143
[63,  9601] loss: 0.088
[63, 11201] loss: 0.170
[63, 12801] loss: 0.249
[64,     1] loss: 0.129
[64,  1601] loss: 0.138
[64,  3201] loss: 0.397
[64,  4801] loss: 0.507
[64,  6401] loss: 0.402
[64,  8001] loss: 0.141
[64,  9601] loss: 0.081
[64, 11201] loss: 0.148
[64, 12801] loss: 0.284
[65,     1] loss: 0.140
[65,  1601] loss: 0.131
[65,  3201] loss: 0.371
[65,  4801] loss: 0.374
[65,  6401] loss: 0.373
[65,  8001] loss: 0.182
[65,  9601] loss: 0.129
[65, 11201] loss: 0.168
[65, 12801] loss: 0.331
[66,     1] loss: 0.143
[66,  1601] loss: 0.110
[66,  3201] loss: 0.423
[66,  4801] loss: 0.519
[66,  6401] loss: 0.373
[66,  8001] loss: 0.133
[66,  9601] loss: 0.090
[66, 11201] loss: 0.179
[66, 12801] loss: 0.225
[67,     1] loss: 0.141
[67,  1601] loss: 0.081
[67,  3201] loss: 0.323
[67,  4801] loss: 0.606
[67,  6401] loss: 0.395
[67,  8001] loss: 0.100
[67,  9601] loss: 0.121
[67, 11201] loss: 0.176
[67, 12801] loss: 0.268
[68,     1] loss: 0.152
[68,  1601] loss: 0.132
[68,  3201] loss: 0.395
[68,  4801] loss: 0.432
[68,  6401] loss: 0.405
[68,  8001] loss: 0.149
[68,  9601] loss: 0.071
[68, 11201] loss: 0.180
[68, 12801] loss: 0.229
[69,     1] loss: 0.127
[69,  1601] loss: 0.092
[69,  3201] loss: 0.372
[69,  4801] loss: 0.476
[69,  6401] loss: 0.373
[69,  8001] loss: 0.092
[69,  9601] loss: 0.105
[69, 11201] loss: 0.138
[69, 12801] loss: 0.248
[70,     1] loss: 0.120
[70,  1601] loss: 0.084
[70,  3201] loss: 0.362
[70,  4801] loss: 0.473
[70,  6401] loss: 0.379
[70,  8001] loss: 0.111
[70,  9601] loss: 0.094
[70, 11201] loss: 0.173
[70, 12801] loss: 0.288
[71,     1] loss: 0.089
[71,  1601] loss: 0.084
[71,  3201] loss: 0.397
[71,  4801] loss: 0.488
[71,  6401] loss: 0.447
[71,  8001] loss: 0.126
[71,  9601] loss: 0.115
[71, 11201] loss: 0.193
[71, 12801] loss: 0.298
[72,     1] loss: 0.176
[72,  1601] loss: 0.099
[72,  3201] loss: 0.296
[72,  4801] loss: 0.361
[72,  6401] loss: 0.426
[72,  8001] loss: 0.141
[72,  9601] loss: 0.120
[72, 11201] loss: 0.239
[72, 12801] loss: 0.252
[73,     1] loss: 0.149
[73,  1601] loss: 0.121
[73,  3201] loss: 0.386
[73,  4801] loss: 0.545
[73,  6401] loss: 0.553
[73,  8001] loss: 0.172
[73,  9601] loss: 0.087
[73, 11201] loss: 0.120
[73, 12801] loss: 0.271
[74,     1] loss: 0.108
[74,  1601] loss: 0.081
[74,  3201] loss: 0.318
[74,  4801] loss: 0.581
[74,  6401] loss: 0.457
[74,  8001] loss: 0.099
[74,  9601] loss: 0.136
[74, 11201] loss: 0.192
[74, 12801] loss: 0.236
[75,     1] loss: 0.155
[75,  1601] loss: 0.092
[75,  3201] loss: 0.343
[75,  4801] loss: 0.531
[75,  6401] loss: 0.508
[75,  8001] loss: 0.163
[75,  9601] loss: 0.074
[75, 11201] loss: 0.168
[75, 12801] loss: 0.255
[76,     1] loss: 0.170
[76,  1601] loss: 0.099
[76,  3201] loss: 0.340
[76,  4801] loss: 0.436
[76,  6401] loss: 0.470
[76,  8001] loss: 0.132
[76,  9601] loss: 0.158
[76, 11201] loss: 0.091
[76, 12801] loss: 0.275
[77,     1] loss: 0.111
[77,  1601] loss: 0.104
[77,  3201] loss: 0.382
[77,  4801] loss: 0.561
[77,  6401] loss: 0.372
[77,  8001] loss: 0.134
[77,  9601] loss: 0.090
[77, 11201] loss: 0.164
[77, 12801] loss: 0.329
[78,     1] loss: 0.152
[78,  1601] loss: 0.089
[78,  3201] loss: 0.380
[78,  4801] loss: 0.449
[78,  6401] loss: 0.530
[78,  8001] loss: 0.131
[78,  9601] loss: 0.097
[78, 11201] loss: 0.171
[78, 12801] loss: 0.199
[79,     1] loss: 0.160
[79,  1601] loss: 0.095
[79,  3201] loss: 0.262
[79,  4801] loss: 0.524
[79,  6401] loss: 0.457
[79,  8001] loss: 0.119
[79,  9601] loss: 0.101
[79, 11201] loss: 0.157
[79, 12801] loss: 0.265
[80,     1] loss: 0.108
[80,  1601] loss: 0.097
[80,  3201] loss: 0.387
[80,  4801] loss: 0.357
[80,  6401] loss: 0.403
[80,  8001] loss: 0.171
[80,  9601] loss: 0.072
[80, 11201] loss: 0.126
[80, 12801] loss: 0.231
[81,     1] loss: 0.086
[81,  1601] loss: 0.084
[81,  3201] loss: 0.315
[81,  4801] loss: 0.390
[81,  6401] loss: 0.543
[81,  8001] loss: 0.201
[81,  9601] loss: 0.071
[81, 11201] loss: 0.140
[81, 12801] loss: 0.242
[82,     1] loss: 0.114
[82,  1601] loss: 0.108
[82,  3201] loss: 0.384
[82,  4801] loss: 0.516
[82,  6401] loss: 0.509
[82,  8001] loss: 0.153
[82,  9601] loss: 0.091
[82, 11201] loss: 0.134
[82, 12801] loss: 0.266
[83,     1] loss: 0.100
[83,  1601] loss: 0.090
[83,  3201] loss: 0.380
[83,  4801] loss: 0.413
[83,  6401] loss: 0.491
[83,  8001] loss: 0.132
[83,  9601] loss: 0.083
[83, 11201] loss: 0.230
[83, 12801] loss: 0.285
[84,     1] loss: 0.096
[84,  1601] loss: 0.072
[84,  3201] loss: 0.251
[84,  4801] loss: 0.391
[84,  6401] loss: 0.496
[84,  8001] loss: 0.068
[84,  9601] loss: 0.059
[84, 11201] loss: 0.126
[84, 12801] loss: 0.269
[85,     1] loss: 0.173
[85,  1601] loss: 0.077
[85,  3201] loss: 0.348
[85,  4801] loss: 0.535
[85,  6401] loss: 0.454
[85,  8001] loss: 0.149
[85,  9601] loss: 0.077
[85, 11201] loss: 0.188
[85, 12801] loss: 0.240
[86,     1] loss: 0.121
[86,  1601] loss: 0.068
[86,  3201] loss: 0.294
[86,  4801] loss: 0.489
[86,  6401] loss: 0.312
[86,  8001] loss: 0.152
[86,  9601] loss: 0.076
[86, 11201] loss: 0.149
[86, 12801] loss: 0.213
[87,     1] loss: 0.091
[87,  1601] loss: 0.082
[87,  3201] loss: 0.277
[87,  4801] loss: 0.446
[87,  6401] loss: 0.348
[87,  8001] loss: 0.126
[87,  9601] loss: 0.099
[87, 11201] loss: 0.177
[87, 12801] loss: 0.230
[88,     1] loss: 0.144
[88,  1601] loss: 0.103
[88,  3201] loss: 0.357
[88,  4801] loss: 0.509
[88,  6401] loss: 0.400
[88,  8001] loss: 0.100
[88,  9601] loss: 0.101
[88, 11201] loss: 0.172
[88, 12801] loss: 0.242
[89,     1] loss: 0.107
[89,  1601] loss: 0.103
[89,  3201] loss: 0.363
[89,  4801] loss: 0.488
[89,  6401] loss: 0.462
[89,  8001] loss: 0.130
[89,  9601] loss: 0.097
[89, 11201] loss: 0.170
[89, 12801] loss: 0.352
[90,     1] loss: 0.102
[90,  1601] loss: 0.070
[90,  3201] loss: 0.302
[90,  4801] loss: 0.393
[90,  6401] loss: 0.302
[90,  8001] loss: 0.119
[90,  9601] loss: 0.097
[90, 11201] loss: 0.166
[90, 12801] loss: 0.198
[91,     1] loss: 0.116
[91,  1601] loss: 0.120
[91,  3201] loss: 0.283
[91,  4801] loss: 0.459
[91,  6401] loss: 0.489
[91,  8001] loss: 0.095
[91,  9601] loss: 0.094
[91, 11201] loss: 0.213
[91, 12801] loss: 0.239
[92,     1] loss: 0.127
[92,  1601] loss: 0.111
[92,  3201] loss: 0.252
[92,  4801] loss: 0.461
[92,  6401] loss: 0.313
[92,  8001] loss: 0.156
[92,  9601] loss: 0.100
[92, 11201] loss: 0.146
[92, 12801] loss: 0.275
[93,     1] loss: 0.134
[93,  1601] loss: 0.086
[93,  3201] loss: 0.303
[93,  4801] loss: 0.562
[93,  6401] loss: 0.577
[93,  8001] loss: 0.137
[93,  9601] loss: 0.103
[93, 11201] loss: 0.152
[93, 12801] loss: 0.212
[94,     1] loss: 0.115
[94,  1601] loss: 0.089
[94,  3201] loss: 0.361
[94,  4801] loss: 0.491
[94,  6401] loss: 0.412
[94,  8001] loss: 0.141
[94,  9601] loss: 0.095
[94, 11201] loss: 0.161
[94, 12801] loss: 0.295
[95,     1] loss: 0.110
[95,  1601] loss: 0.078
[95,  3201] loss: 0.364
[95,  4801] loss: 0.416
[95,  6401] loss: 0.449
[95,  8001] loss: 0.091
[95,  9601] loss: 0.076
[95, 11201] loss: 0.162
[95, 12801] loss: 0.265
[96,     1] loss: 0.130
[96,  1601] loss: 0.063
[96,  3201] loss: 0.364
[96,  4801] loss: 0.449
[96,  6401] loss: 0.388
[96,  8001] loss: 0.127
[96,  9601] loss: 0.099
[96, 11201] loss: 0.138
[96, 12801] loss: 0.219
[97,     1] loss: 0.142
[97,  1601] loss: 0.115
[97,  3201] loss: 0.255
[97,  4801] loss: 0.376
[97,  6401] loss: 0.478
[97,  8001] loss: 0.140
[97,  9601] loss: 0.096
[97, 11201] loss: 0.126
[97, 12801] loss: 0.197
[98,     1] loss: 0.129
[98,  1601] loss: 0.075
[98,  3201] loss: 0.315
[98,  4801] loss: 0.416
[98,  6401] loss: 0.382
[98,  8001] loss: 0.115
[98,  9601] loss: 0.097
[98, 11201] loss: 0.157
[98, 12801] loss: 0.287
[99,     1] loss: 0.099
[99,  1601] loss: 0.082
[99,  3201] loss: 0.296
[99,  4801] loss: 0.585
[99,  6401] loss: 0.360
[99,  8001] loss: 0.098
[99,  9601] loss: 0.161
[99, 11201] loss: 0.109
[99, 12801] loss: 0.249
[100,     1] loss: 0.115
[100,  1601] loss: 0.078
[100,  3201] loss: 0.265
[100,  4801] loss: 0.421
[100,  6401] loss: 0.439
[100,  8001] loss: 0.142
[100,  9601] loss: 0.098
[100, 11201] loss: 0.206
[100, 12801] loss: 0.205
Finished Training
loss is: [0.19030456244945526, 0.13581271469593048, 0.09709987789392471, 0.12732818722724915, 0.2411508411169052, 0.1823354959487915, 0.14618034660816193, 0.10812585055828094, 0.12802648544311523, 0.08004315197467804, 0.13898353278636932, 0.2120000123977661, 0.1128285825252533, 0.08825820684432983, 0.1122332364320755, 0.20533226430416107, 0.5106270909309387, 0.26004457473754883, 0.4833889901638031, 0.2228977531194687]
BNN Model Saved
Ntest in def:  1456
Ntest: 1456
M_test1:  -2.899552798755774e-05
M_test2:  -0.049573559020095824
std_test1:  0.9954439331048615
std_test2:  0.9859632059506305
