Ntrain in def:  13119
Ntrain:  13119
Model starts
[1,     1] loss: 0.507
[1,  1601] loss: 0.261
[1,  3201] loss: 1.698
[1,  4801] loss: 1.474
[1,  6401] loss: 1.583
[1,  8001] loss: 1.007
[1,  9601] loss: 0.410
[1, 11201] loss: 0.554
[1, 12801] loss: 0.789
[2,     1] loss: 0.491
[2,  1601] loss: 0.252
[2,  3201] loss: 1.716
[2,  4801] loss: 1.474
[2,  6401] loss: 1.578
[2,  8001] loss: 1.012
[2,  9601] loss: 0.407
[2, 11201] loss: 0.541
[2, 12801] loss: 0.787
[3,     1] loss: 0.462
[3,  1601] loss: 0.248
[3,  3201] loss: 1.687
[3,  4801] loss: 1.411
[3,  6401] loss: 1.513
[3,  8001] loss: 0.969
[3,  9601] loss: 0.401
[3, 11201] loss: 0.478
[3, 12801] loss: 0.776
[4,     1] loss: 0.446
[4,  1601] loss: 0.245
[4,  3201] loss: 1.638
[4,  4801] loss: 1.399
[4,  6401] loss: 1.473
[4,  8001] loss: 0.937
[4,  9601] loss: 0.371
[4, 11201] loss: 0.466
[4, 12801] loss: 0.727
[5,     1] loss: 0.409
[5,  1601] loss: 0.217
[5,  3201] loss: 1.512
[5,  4801] loss: 1.303
[5,  6401] loss: 1.358
[5,  8001] loss: 0.859
[5,  9601] loss: 0.306
[5, 11201] loss: 0.379
[5, 12801] loss: 0.671
[6,     1] loss: 0.361
[6,  1601] loss: 0.189
[6,  3201] loss: 1.388
[6,  4801] loss: 1.194
[6,  6401] loss: 1.169
[6,  8001] loss: 0.741
[6,  9601] loss: 0.269
[6, 11201] loss: 0.357
[6, 12801] loss: 0.650
[7,     1] loss: 0.285
[7,  1601] loss: 0.168
[7,  3201] loss: 1.204
[7,  4801] loss: 1.145
[7,  6401] loss: 1.080
[7,  8001] loss: 0.667
[7,  9601] loss: 0.259
[7, 11201] loss: 0.378
[7, 12801] loss: 0.639
[8,     1] loss: 0.279
[8,  1601] loss: 0.173
[8,  3201] loss: 1.126
[8,  4801] loss: 1.078
[8,  6401] loss: 1.028
[8,  8001] loss: 0.666
[8,  9601] loss: 0.247
[8, 11201] loss: 0.356
[8, 12801] loss: 0.603
[9,     1] loss: 0.278
[9,  1601] loss: 0.166
[9,  3201] loss: 1.087
[9,  4801] loss: 1.168
[9,  6401] loss: 0.981
[9,  8001] loss: 0.639
[9,  9601] loss: 0.255
[9, 11201] loss: 0.376
[9, 12801] loss: 0.602
[10,     1] loss: 0.254
[10,  1601] loss: 0.175
[10,  3201] loss: 1.016
[10,  4801] loss: 1.119
[10,  6401] loss: 0.950
[10,  8001] loss: 0.646
[10,  9601] loss: 0.235
[10, 11201] loss: 0.342
[10, 12801] loss: 0.583
[11,     1] loss: 0.269
[11,  1601] loss: 0.169
[11,  3201] loss: 0.983
[11,  4801] loss: 0.980
[11,  6401] loss: 0.940
[11,  8001] loss: 0.624
[11,  9601] loss: 0.247
[11, 11201] loss: 0.351
[11, 12801] loss: 0.557
[12,     1] loss: 0.250
[12,  1601] loss: 0.181
[12,  3201] loss: 0.967
[12,  4801] loss: 1.060
[12,  6401] loss: 0.955
[12,  8001] loss: 0.642
[12,  9601] loss: 0.225
[12, 11201] loss: 0.330
[12, 12801] loss: 0.588
[13,     1] loss: 0.251
[13,  1601] loss: 0.168
[13,  3201] loss: 0.972
[13,  4801] loss: 1.102
[13,  6401] loss: 0.946
[13,  8001] loss: 0.615
[13,  9601] loss: 0.222
[13, 11201] loss: 0.329
[13, 12801] loss: 0.592
[14,     1] loss: 0.253
[14,  1601] loss: 0.168
[14,  3201] loss: 0.921
[14,  4801] loss: 1.055
[14,  6401] loss: 0.972
[14,  8001] loss: 0.672
[14,  9601] loss: 0.236
[14, 11201] loss: 0.338
[14, 12801] loss: 0.648
[15,     1] loss: 0.252
[15,  1601] loss: 0.167
[15,  3201] loss: 0.907
[15,  4801] loss: 1.041
[15,  6401] loss: 0.952
[15,  8001] loss: 0.657
[15,  9601] loss: 0.226
[15, 11201] loss: 0.326
[15, 12801] loss: 0.593
[16,     1] loss: 0.240
[16,  1601] loss: 0.169
[16,  3201] loss: 0.907
[16,  4801] loss: 1.056
[16,  6401] loss: 0.957
[16,  8001] loss: 0.611
[16,  9601] loss: 0.227
[16, 11201] loss: 0.336
[16, 12801] loss: 0.605
[17,     1] loss: 0.244
[17,  1601] loss: 0.167
[17,  3201] loss: 0.866
[17,  4801] loss: 1.050
[17,  6401] loss: 0.936
[17,  8001] loss: 0.612
[17,  9601] loss: 0.228
[17, 11201] loss: 0.329
[17, 12801] loss: 0.594
[18,     1] loss: 0.248
[18,  1601] loss: 0.168
[18,  3201] loss: 0.844
[18,  4801] loss: 1.066
[18,  6401] loss: 0.897
[18,  8001] loss: 0.595
[18,  9601] loss: 0.222
[18, 11201] loss: 0.325
[18, 12801] loss: 0.563
[19,     1] loss: 0.242
[19,  1601] loss: 0.173
[19,  3201] loss: 0.794
[19,  4801] loss: 1.082
[19,  6401] loss: 0.962
[19,  8001] loss: 0.613
[19,  9601] loss: 0.222
[19, 11201] loss: 0.309
[19, 12801] loss: 0.546
[20,     1] loss: 0.248
[20,  1601] loss: 0.172
[20,  3201] loss: 0.813
[20,  4801] loss: 1.128
[20,  6401] loss: 0.980
[20,  8001] loss: 0.612
[20,  9601] loss: 0.214
[20, 11201] loss: 0.322
[20, 12801] loss: 0.577
[21,     1] loss: 0.258
[21,  1601] loss: 0.169
[21,  3201] loss: 0.797
[21,  4801] loss: 1.072
[21,  6401] loss: 0.921
[21,  8001] loss: 0.631
[21,  9601] loss: 0.207
[21, 11201] loss: 0.318
[21, 12801] loss: 0.577
[22,     1] loss: 0.256
[22,  1601] loss: 0.172
[22,  3201] loss: 0.770
[22,  4801] loss: 1.075
[22,  6401] loss: 0.888
[22,  8001] loss: 0.611
[22,  9601] loss: 0.211
[22, 11201] loss: 0.323
[22, 12801] loss: 0.590
[23,     1] loss: 0.256
[23,  1601] loss: 0.160
[23,  3201] loss: 0.778
[23,  4801] loss: 1.032
[23,  6401] loss: 0.921
[23,  8001] loss: 0.617
[23,  9601] loss: 0.217
[23, 11201] loss: 0.317
[23, 12801] loss: 0.640
[24,     1] loss: 0.239
[24,  1601] loss: 0.168
[24,  3201] loss: 0.779
[24,  4801] loss: 1.088
[24,  6401] loss: 0.910
[24,  8001] loss: 0.606
[24,  9601] loss: 0.216
[24, 11201] loss: 0.310
[24, 12801] loss: 0.590
[25,     1] loss: 0.243
[25,  1601] loss: 0.176
[25,  3201] loss: 0.758
[25,  4801] loss: 1.088
[25,  6401] loss: 0.921
[25,  8001] loss: 0.594
[25,  9601] loss: 0.225
[25, 11201] loss: 0.332
[25, 12801] loss: 0.561
[26,     1] loss: 0.237
[26,  1601] loss: 0.163
[26,  3201] loss: 0.719
[26,  4801] loss: 1.058
[26,  6401] loss: 0.898
[26,  8001] loss: 0.614
[26,  9601] loss: 0.200
[26, 11201] loss: 0.346
[26, 12801] loss: 0.589
[27,     1] loss: 0.238
[27,  1601] loss: 0.166
[27,  3201] loss: 0.773
[27,  4801] loss: 1.080
[27,  6401] loss: 0.883
[27,  8001] loss: 0.567
[27,  9601] loss: 0.210
[27, 11201] loss: 0.326
[27, 12801] loss: 0.554
[28,     1] loss: 0.246
[28,  1601] loss: 0.161
[28,  3201] loss: 0.671
[28,  4801] loss: 1.073
[28,  6401] loss: 0.878
[28,  8001] loss: 0.589
[28,  9601] loss: 0.195
[28, 11201] loss: 0.325
[28, 12801] loss: 0.503
[29,     1] loss: 0.239
[29,  1601] loss: 0.168
[29,  3201] loss: 0.623
[29,  4801] loss: 1.027
[29,  6401] loss: 0.878
[29,  8001] loss: 0.560
[29,  9601] loss: 0.193
[29, 11201] loss: 0.309
[29, 12801] loss: 0.516
[30,     1] loss: 0.223
[30,  1601] loss: 0.147
[30,  3201] loss: 0.620
[30,  4801] loss: 1.011
[30,  6401] loss: 0.812
[30,  8001] loss: 0.524
[30,  9601] loss: 0.203
[30, 11201] loss: 0.275
[30, 12801] loss: 0.514
[31,     1] loss: 0.194
[31,  1601] loss: 0.135
[31,  3201] loss: 0.598
[31,  4801] loss: 0.871
[31,  6401] loss: 0.803
[31,  8001] loss: 0.460
[31,  9601] loss: 0.172
[31, 11201] loss: 0.224
[31, 12801] loss: 0.383
[32,     1] loss: 0.189
[32,  1601] loss: 0.112
[32,  3201] loss: 0.619
[32,  4801] loss: 0.770
[32,  6401] loss: 0.652
[32,  8001] loss: 0.370
[32,  9601] loss: 0.158
[32, 11201] loss: 0.168
[32, 12801] loss: 0.372
[33,     1] loss: 0.156
[33,  1601] loss: 0.106
[33,  3201] loss: 0.657
[33,  4801] loss: 0.740
[33,  6401] loss: 0.562
[33,  8001] loss: 0.292
[33,  9601] loss: 0.139
[33, 11201] loss: 0.199
[33, 12801] loss: 0.347
[34,     1] loss: 0.164
[34,  1601] loss: 0.100
[34,  3201] loss: 0.362
[34,  4801] loss: 0.610
[34,  6401] loss: 0.512
[34,  8001] loss: 0.239
[34,  9601] loss: 0.098
[34, 11201] loss: 0.217
[34, 12801] loss: 0.410
[35,     1] loss: 0.138
[35,  1601] loss: 0.072
[35,  3201] loss: 0.475
[35,  4801] loss: 0.612
[35,  6401] loss: 0.469
[35,  8001] loss: 0.209
[35,  9601] loss: 0.138
[35, 11201] loss: 0.174
[35, 12801] loss: 0.407
[36,     1] loss: 0.135
[36,  1601] loss: 0.084
[36,  3201] loss: 0.608
[36,  4801] loss: 0.460
[36,  6401] loss: 0.531
[36,  8001] loss: 0.278
[36,  9601] loss: 0.152
[36, 11201] loss: 0.207
[36, 12801] loss: 0.350
[37,     1] loss: 0.140
[37,  1601] loss: 0.105
[37,  3201] loss: 0.409
[37,  4801] loss: 0.497
[37,  6401] loss: 0.382
[37,  8001] loss: 0.234
[37,  9601] loss: 0.099
[37, 11201] loss: 0.156
[37, 12801] loss: 0.384
[38,     1] loss: 0.138
[38,  1601] loss: 0.070
[38,  3201] loss: 0.329
[38,  4801] loss: 0.489
[38,  6401] loss: 0.485
[38,  8001] loss: 0.224
[38,  9601] loss: 0.137
[38, 11201] loss: 0.118
[38, 12801] loss: 0.494
[39,     1] loss: 0.146
[39,  1601] loss: 0.068
[39,  3201] loss: 0.441
[39,  4801] loss: 0.463
[39,  6401] loss: 0.421
[39,  8001] loss: 0.275
[39,  9601] loss: 0.103
[39, 11201] loss: 0.160
[39, 12801] loss: 0.391
[40,     1] loss: 0.134
[40,  1601] loss: 0.076
[40,  3201] loss: 0.502
[40,  4801] loss: 0.445
[40,  6401] loss: 0.378
[40,  8001] loss: 0.134
[40,  9601] loss: 0.143
[40, 11201] loss: 0.164
[40, 12801] loss: 0.306
[41,     1] loss: 0.120
[41,  1601] loss: 0.078
[41,  3201] loss: 0.424
[41,  4801] loss: 0.453
[41,  6401] loss: 0.405
[41,  8001] loss: 0.174
[41,  9601] loss: 0.147
[41, 11201] loss: 0.175
[41, 12801] loss: 0.316
[42,     1] loss: 0.133
[42,  1601] loss: 0.076
[42,  3201] loss: 0.304
[42,  4801] loss: 0.507
[42,  6401] loss: 0.382
[42,  8001] loss: 0.250
[42,  9601] loss: 0.110
[42, 11201] loss: 0.121
[42, 12801] loss: 0.344
[43,     1] loss: 0.154
[43,  1601] loss: 0.087
[43,  3201] loss: 0.478
[43,  4801] loss: 0.379
[43,  6401] loss: 0.341
[43,  8001] loss: 0.224
[43,  9601] loss: 0.084
[43, 11201] loss: 0.128
[43, 12801] loss: 0.388
[44,     1] loss: 0.158
[44,  1601] loss: 0.071
[44,  3201] loss: 0.415
[44,  4801] loss: 0.378
[44,  6401] loss: 0.371
[44,  8001] loss: 0.183
[44,  9601] loss: 0.131
[44, 11201] loss: 0.145
[44, 12801] loss: 0.306
[45,     1] loss: 0.137
[45,  1601] loss: 0.063
[45,  3201] loss: 0.317
[45,  4801] loss: 0.486
[45,  6401] loss: 0.431
[45,  8001] loss: 0.197
[45,  9601] loss: 0.098
[45, 11201] loss: 0.107
[45, 12801] loss: 0.322
[46,     1] loss: 0.155
[46,  1601] loss: 0.074
[46,  3201] loss: 0.247
[46,  4801] loss: 0.356
[46,  6401] loss: 0.369
[46,  8001] loss: 0.235
[46,  9601] loss: 0.083
[46, 11201] loss: 0.117
[46, 12801] loss: 0.332
[47,     1] loss: 0.125
[47,  1601] loss: 0.068
[47,  3201] loss: 0.397
[47,  4801] loss: 0.367
[47,  6401] loss: 0.281
[47,  8001] loss: 0.153
[47,  9601] loss: 0.097
[47, 11201] loss: 0.101
[47, 12801] loss: 0.411
[48,     1] loss: 0.141
[48,  1601] loss: 0.060
[48,  3201] loss: 0.285
[48,  4801] loss: 0.509
[48,  6401] loss: 0.299
[48,  8001] loss: 0.244
[48,  9601] loss: 0.103
[48, 11201] loss: 0.150
[48, 12801] loss: 0.309
[49,     1] loss: 0.151
[49,  1601] loss: 0.066
[49,  3201] loss: 0.323
[49,  4801] loss: 0.393
[49,  6401] loss: 0.356
[49,  8001] loss: 0.131
[49,  9601] loss: 0.091
[49, 11201] loss: 0.125
[49, 12801] loss: 0.359
[50,     1] loss: 0.114
[50,  1601] loss: 0.058
[50,  3201] loss: 0.449
[50,  4801] loss: 0.395
[50,  6401] loss: 0.291
[50,  8001] loss: 0.182
[50,  9601] loss: 0.084
[50, 11201] loss: 0.130
[50, 12801] loss: 0.306
[51,     1] loss: 0.115
[51,  1601] loss: 0.066
[51,  3201] loss: 0.326
[51,  4801] loss: 0.485
[51,  6401] loss: 0.310
[51,  8001] loss: 0.148
[51,  9601] loss: 0.078
[51, 11201] loss: 0.080
[51, 12801] loss: 0.329
[52,     1] loss: 0.133
[52,  1601] loss: 0.062
[52,  3201] loss: 0.440
[52,  4801] loss: 0.401
[52,  6401] loss: 0.369
[52,  8001] loss: 0.140
[52,  9601] loss: 0.067
[52, 11201] loss: 0.079
[52, 12801] loss: 0.295
[53,     1] loss: 0.135
[53,  1601] loss: 0.055
[53,  3201] loss: 0.293
[53,  4801] loss: 0.450
[53,  6401] loss: 0.299
[53,  8001] loss: 0.160
[53,  9601] loss: 0.077
[53, 11201] loss: 0.162
[53, 12801] loss: 0.332
[54,     1] loss: 0.119
[54,  1601] loss: 0.058
[54,  3201] loss: 0.347
[54,  4801] loss: 0.391
[54,  6401] loss: 0.256
[54,  8001] loss: 0.174
[54,  9601] loss: 0.069
[54, 11201] loss: 0.105
[54, 12801] loss: 0.316
[55,     1] loss: 0.126
[55,  1601] loss: 0.061
[55,  3201] loss: 0.342
[55,  4801] loss: 0.406
[55,  6401] loss: 0.229
[55,  8001] loss: 0.130
[55,  9601] loss: 0.097
[55, 11201] loss: 0.126
[55, 12801] loss: 0.288
[56,     1] loss: 0.128
[56,  1601] loss: 0.058
[56,  3201] loss: 0.252
[56,  4801] loss: 0.409
[56,  6401] loss: 0.256
[56,  8001] loss: 0.135
[56,  9601] loss: 0.070
[56, 11201] loss: 0.104
[56, 12801] loss: 0.342
[57,     1] loss: 0.119
[57,  1601] loss: 0.047
[57,  3201] loss: 0.294
[57,  4801] loss: 0.532
[57,  6401] loss: 0.293
[57,  8001] loss: 0.127
[57,  9601] loss: 0.059
[57, 11201] loss: 0.125
[57, 12801] loss: 0.327
[58,     1] loss: 0.137
[58,  1601] loss: 0.065
[58,  3201] loss: 0.345
[58,  4801] loss: 0.355
[58,  6401] loss: 0.239
[58,  8001] loss: 0.157
[58,  9601] loss: 0.070
[58, 11201] loss: 0.119
[58, 12801] loss: 0.358
[59,     1] loss: 0.137
[59,  1601] loss: 0.046
[59,  3201] loss: 0.254
[59,  4801] loss: 0.469
[59,  6401] loss: 0.208
[59,  8001] loss: 0.160
[59,  9601] loss: 0.060
[59, 11201] loss: 0.098
[59, 12801] loss: 0.288
[60,     1] loss: 0.095
[60,  1601] loss: 0.041
[60,  3201] loss: 0.296
[60,  4801] loss: 0.431
[60,  6401] loss: 0.237
[60,  8001] loss: 0.145
[60,  9601] loss: 0.070
[60, 11201] loss: 0.092
[60, 12801] loss: 0.322
[61,     1] loss: 0.111
[61,  1601] loss: 0.066
[61,  3201] loss: 0.385
[61,  4801] loss: 0.439
[61,  6401] loss: 0.235
[61,  8001] loss: 0.151
[61,  9601] loss: 0.062
[61, 11201] loss: 0.129
[61, 12801] loss: 0.353
[62,     1] loss: 0.107
[62,  1601] loss: 0.053
[62,  3201] loss: 0.238
[62,  4801] loss: 0.348
[62,  6401] loss: 0.263
[62,  8001] loss: 0.101
[62,  9601] loss: 0.066
[62, 11201] loss: 0.087
[62, 12801] loss: 0.361
[63,     1] loss: 0.107
[63,  1601] loss: 0.056
[63,  3201] loss: 0.300
[63,  4801] loss: 0.428
[63,  6401] loss: 0.177
[63,  8001] loss: 0.173
[63,  9601] loss: 0.080
[63, 11201] loss: 0.119
[63, 12801] loss: 0.310
[64,     1] loss: 0.116
[64,  1601] loss: 0.048
[64,  3201] loss: 0.302
[64,  4801] loss: 0.305
[64,  6401] loss: 0.239
[64,  8001] loss: 0.150
[64,  9601] loss: 0.058
[64, 11201] loss: 0.089
[64, 12801] loss: 0.357
[65,     1] loss: 0.101
[65,  1601] loss: 0.044
[65,  3201] loss: 0.322
[65,  4801] loss: 0.367
[65,  6401] loss: 0.260
[65,  8001] loss: 0.140
[65,  9601] loss: 0.057
[65, 11201] loss: 0.095
[65, 12801] loss: 0.257
[66,     1] loss: 0.123
[66,  1601] loss: 0.036
[66,  3201] loss: 0.307
[66,  4801] loss: 0.399
[66,  6401] loss: 0.317
[66,  8001] loss: 0.165
[66,  9601] loss: 0.069
[66, 11201] loss: 0.099
[66, 12801] loss: 0.313
[67,     1] loss: 0.106
[67,  1601] loss: 0.043
[67,  3201] loss: 0.250
[67,  4801] loss: 0.435
[67,  6401] loss: 0.227
[67,  8001] loss: 0.089
[67,  9601] loss: 0.070
[67, 11201] loss: 0.134
[67, 12801] loss: 0.315
[68,     1] loss: 0.113
[68,  1601] loss: 0.052
[68,  3201] loss: 0.282
[68,  4801] loss: 0.410
[68,  6401] loss: 0.222
[68,  8001] loss: 0.165
[68,  9601] loss: 0.069
[68, 11201] loss: 0.121
[68, 12801] loss: 0.346
[69,     1] loss: 0.099
[69,  1601] loss: 0.057
[69,  3201] loss: 0.277
[69,  4801] loss: 0.358
[69,  6401] loss: 0.299
[69,  8001] loss: 0.162
[69,  9601] loss: 0.052
[69, 11201] loss: 0.101
[69, 12801] loss: 0.326
[70,     1] loss: 0.109
[70,  1601] loss: 0.046
[70,  3201] loss: 0.235
[70,  4801] loss: 0.389
[70,  6401] loss: 0.146
[70,  8001] loss: 0.114
[70,  9601] loss: 0.076
[70, 11201] loss: 0.100
[70, 12801] loss: 0.307
[71,     1] loss: 0.131
[71,  1601] loss: 0.057
[71,  3201] loss: 0.220
[71,  4801] loss: 0.348
[71,  6401] loss: 0.319
[71,  8001] loss: 0.138
[71,  9601] loss: 0.069
[71, 11201] loss: 0.103
[71, 12801] loss: 0.340
[72,     1] loss: 0.118
[72,  1601] loss: 0.052
[72,  3201] loss: 0.197
[72,  4801] loss: 0.421
[72,  6401] loss: 0.316
[72,  8001] loss: 0.122
[72,  9601] loss: 0.069
[72, 11201] loss: 0.125
[72, 12801] loss: 0.351
[73,     1] loss: 0.142
[73,  1601] loss: 0.037
[73,  3201] loss: 0.304
[73,  4801] loss: 0.336
[73,  6401] loss: 0.249
[73,  8001] loss: 0.140
[73,  9601] loss: 0.089
[73, 11201] loss: 0.133
[73, 12801] loss: 0.388
[74,     1] loss: 0.104
[74,  1601] loss: 0.053
[74,  3201] loss: 0.211
[74,  4801] loss: 0.420
[74,  6401] loss: 0.248
[74,  8001] loss: 0.130
[74,  9601] loss: 0.072
[74, 11201] loss: 0.150
[74, 12801] loss: 0.347
[75,     1] loss: 0.130
[75,  1601] loss: 0.044
[75,  3201] loss: 0.320
[75,  4801] loss: 0.461
[75,  6401] loss: 0.237
[75,  8001] loss: 0.176
[75,  9601] loss: 0.050
[75, 11201] loss: 0.097
[75, 12801] loss: 0.340
[76,     1] loss: 0.078
[76,  1601] loss: 0.051
[76,  3201] loss: 0.279
[76,  4801] loss: 0.357
[76,  6401] loss: 0.300
[76,  8001] loss: 0.141
[76,  9601] loss: 0.069
[76, 11201] loss: 0.090
[76, 12801] loss: 0.332
[77,     1] loss: 0.101
[77,  1601] loss: 0.049
[77,  3201] loss: 0.290
[77,  4801] loss: 0.400
[77,  6401] loss: 0.297
[77,  8001] loss: 0.167
[77,  9601] loss: 0.062
[77, 11201] loss: 0.103
[77, 12801] loss: 0.345
[78,     1] loss: 0.129
[78,  1601] loss: 0.050
[78,  3201] loss: 0.180
[78,  4801] loss: 0.425
[78,  6401] loss: 0.242
[78,  8001] loss: 0.135
[78,  9601] loss: 0.062
[78, 11201] loss: 0.083
[78, 12801] loss: 0.317
[79,     1] loss: 0.105
[79,  1601] loss: 0.040
[79,  3201] loss: 0.280
[79,  4801] loss: 0.366
[79,  6401] loss: 0.237
[79,  8001] loss: 0.151
[79,  9601] loss: 0.055
[79, 11201] loss: 0.100
[79, 12801] loss: 0.306
[80,     1] loss: 0.138
[80,  1601] loss: 0.045
[80,  3201] loss: 0.230
[80,  4801] loss: 0.380
[80,  6401] loss: 0.219
[80,  8001] loss: 0.141
[80,  9601] loss: 0.057
[80, 11201] loss: 0.121
[80, 12801] loss: 0.316
[81,     1] loss: 0.113
[81,  1601] loss: 0.045
[81,  3201] loss: 0.224
[81,  4801] loss: 0.357
[81,  6401] loss: 0.320
[81,  8001] loss: 0.155
[81,  9601] loss: 0.056
[81, 11201] loss: 0.154
[81, 12801] loss: 0.375
[82,     1] loss: 0.142
[82,  1601] loss: 0.044
[82,  3201] loss: 0.196
[82,  4801] loss: 0.398
[82,  6401] loss: 0.229
[82,  8001] loss: 0.115
[82,  9601] loss: 0.065
[82, 11201] loss: 0.135
[82, 12801] loss: 0.284
[83,     1] loss: 0.113
[83,  1601] loss: 0.031
[83,  3201] loss: 0.260
[83,  4801] loss: 0.337
[83,  6401] loss: 0.261
[83,  8001] loss: 0.102
[83,  9601] loss: 0.046
[83, 11201] loss: 0.102
[83, 12801] loss: 0.343
[84,     1] loss: 0.094
[84,  1601] loss: 0.033
[84,  3201] loss: 0.271
[84,  4801] loss: 0.318
[84,  6401] loss: 0.193
[84,  8001] loss: 0.193
[84,  9601] loss: 0.074
[84, 11201] loss: 0.094
[84, 12801] loss: 0.334
[85,     1] loss: 0.128
[85,  1601] loss: 0.045
[85,  3201] loss: 0.198
[85,  4801] loss: 0.371
[85,  6401] loss: 0.205
[85,  8001] loss: 0.099
[85,  9601] loss: 0.060
[85, 11201] loss: 0.117
[85, 12801] loss: 0.303
[86,     1] loss: 0.109
[86,  1601] loss: 0.040
[86,  3201] loss: 0.331
[86,  4801] loss: 0.298
[86,  6401] loss: 0.233
[86,  8001] loss: 0.123
[86,  9601] loss: 0.057
[86, 11201] loss: 0.078
[86, 12801] loss: 0.327
[87,     1] loss: 0.115
[87,  1601] loss: 0.043
[87,  3201] loss: 0.186
[87,  4801] loss: 0.428
[87,  6401] loss: 0.223
[87,  8001] loss: 0.112
[87,  9601] loss: 0.044
[87, 11201] loss: 0.114
[87, 12801] loss: 0.319
[88,     1] loss: 0.103
[88,  1601] loss: 0.038
[88,  3201] loss: 0.258
[88,  4801] loss: 0.373
[88,  6401] loss: 0.229
[88,  8001] loss: 0.147
[88,  9601] loss: 0.054
[88, 11201] loss: 0.077
[88, 12801] loss: 0.327
[89,     1] loss: 0.110
[89,  1601] loss: 0.040
[89,  3201] loss: 0.311
[89,  4801] loss: 0.282
[89,  6401] loss: 0.280
[89,  8001] loss: 0.116
[89,  9601] loss: 0.057
[89, 11201] loss: 0.125
[89, 12801] loss: 0.242
[90,     1] loss: 0.075
[90,  1601] loss: 0.038
[90,  3201] loss: 0.355
[90,  4801] loss: 0.316
[90,  6401] loss: 0.183
[90,  8001] loss: 0.184
[90,  9601] loss: 0.056
[90, 11201] loss: 0.142
[90, 12801] loss: 0.371
[91,     1] loss: 0.090
[91,  1601] loss: 0.048
[91,  3201] loss: 0.295
[91,  4801] loss: 0.269
[91,  6401] loss: 0.206
[91,  8001] loss: 0.145
[91,  9601] loss: 0.071
[91, 11201] loss: 0.083
[91, 12801] loss: 0.270
[92,     1] loss: 0.087
[92,  1601] loss: 0.050
[92,  3201] loss: 0.276
[92,  4801] loss: 0.422
[92,  6401] loss: 0.166
[92,  8001] loss: 0.093
[92,  9601] loss: 0.065
[92, 11201] loss: 0.068
[92, 12801] loss: 0.313
[93,     1] loss: 0.070
[93,  1601] loss: 0.049
[93,  3201] loss: 0.305
[93,  4801] loss: 0.346
[93,  6401] loss: 0.171
[93,  8001] loss: 0.120
[93,  9601] loss: 0.057
[93, 11201] loss: 0.132
[93, 12801] loss: 0.425
[94,     1] loss: 0.098
[94,  1601] loss: 0.042
[94,  3201] loss: 0.177
[94,  4801] loss: 0.358
[94,  6401] loss: 0.254
[94,  8001] loss: 0.151
[94,  9601] loss: 0.060
[94, 11201] loss: 0.092
[94, 12801] loss: 0.302
[95,     1] loss: 0.107
[95,  1601] loss: 0.038
[95,  3201] loss: 0.183
[95,  4801] loss: 0.329
[95,  6401] loss: 0.206
[95,  8001] loss: 0.203
[95,  9601] loss: 0.060
[95, 11201] loss: 0.100
[95, 12801] loss: 0.312
[96,     1] loss: 0.093
[96,  1601] loss: 0.031
[96,  3201] loss: 0.233
[96,  4801] loss: 0.392
[96,  6401] loss: 0.173
[96,  8001] loss: 0.160
[96,  9601] loss: 0.072
[96, 11201] loss: 0.082
[96, 12801] loss: 0.352
[97,     1] loss: 0.092
[97,  1601] loss: 0.037
[97,  3201] loss: 0.247
[97,  4801] loss: 0.377
[97,  6401] loss: 0.231
[97,  8001] loss: 0.114
[97,  9601] loss: 0.067
[97, 11201] loss: 0.106
[97, 12801] loss: 0.283
[98,     1] loss: 0.097
[98,  1601] loss: 0.046
[98,  3201] loss: 0.249
[98,  4801] loss: 0.434
[98,  6401] loss: 0.210
[98,  8001] loss: 0.158
[98,  9601] loss: 0.055
[98, 11201] loss: 0.122
[98, 12801] loss: 0.277
[99,     1] loss: 0.109
[99,  1601] loss: 0.041
[99,  3201] loss: 0.325
[99,  4801] loss: 0.385
[99,  6401] loss: 0.199
[99,  8001] loss: 0.151
[99,  9601] loss: 0.064
[99, 11201] loss: 0.114
[99, 12801] loss: 0.328
[100,     1] loss: 0.090
[100,  1601] loss: 0.035
[100,  3201] loss: 0.282
[100,  4801] loss: 0.435
[100,  6401] loss: 0.226
[100,  8001] loss: 0.125
[100,  9601] loss: 0.038
[100, 11201] loss: 0.087
[100, 12801] loss: 0.352
Finished Training
loss is: [0.4252769351005554, 0.09224366396665573, 0.13255426287651062, 0.1339264065027237, 0.09604500979185104, 0.21513229608535767, 0.07348816096782684, 0.13578081130981445, 0.12573014199733734, 0.058873534202575684, 0.104073666036129, 0.2069217562675476, 0.10525135695934296, 0.1177462711930275, 0.06063113734126091, 0.15180496871471405, 0.35215193033218384, 1.5563246011734009, 0.8306558132171631, 1.1341609954833984]
BNN Model Saved
Ntest in def:  1431
Ntest: 1431
M_test1:  0.008696401152440239
M_test2:  -0.02333688439481132
std_test1:  1.0002868994291025
std_test2:  0.9726045079477877
