Ntrain in def:  13134
Ntrain:  13134
Model starts
[1,     1] loss: 0.721
[1,  1601] loss: 0.450
[1,  3201] loss: 1.577
[1,  4801] loss: 2.287
[1,  6401] loss: 2.234
[1,  8001] loss: 0.663
[1,  9601] loss: 0.399
[1, 11201] loss: 0.796
[1, 12801] loss: 0.895
[2,     1] loss: 0.591
[2,  1601] loss: 0.296
[2,  3201] loss: 1.541
[2,  4801] loss: 2.127
[2,  6401] loss: 2.027
[2,  8001] loss: 0.561
[2,  9601] loss: 0.352
[2, 11201] loss: 0.707
[2, 12801] loss: 0.754
[3,     1] loss: 0.511
[3,  1601] loss: 0.223
[3,  3201] loss: 1.238
[3,  4801] loss: 1.939
[3,  6401] loss: 1.753
[3,  8001] loss: 0.394
[3,  9601] loss: 0.259
[3, 11201] loss: 0.583
[3, 12801] loss: 0.605
[4,     1] loss: 0.445
[4,  1601] loss: 0.183
[4,  3201] loss: 0.949
[4,  4801] loss: 1.552
[4,  6401] loss: 1.422
[4,  8001] loss: 0.346
[4,  9601] loss: 0.193
[4, 11201] loss: 0.450
[4, 12801] loss: 0.443
[5,     1] loss: 0.332
[5,  1601] loss: 0.171
[5,  3201] loss: 0.714
[5,  4801] loss: 1.336
[5,  6401] loss: 1.260
[5,  8001] loss: 0.253
[5,  9601] loss: 0.162
[5, 11201] loss: 0.325
[5, 12801] loss: 0.311
[6,     1] loss: 0.269
[6,  1601] loss: 0.144
[6,  3201] loss: 0.588
[6,  4801] loss: 1.199
[6,  6401] loss: 1.042
[6,  8001] loss: 0.199
[6,  9601] loss: 0.153
[6, 11201] loss: 0.306
[6, 12801] loss: 0.303
[7,     1] loss: 0.189
[7,  1601] loss: 0.125
[7,  3201] loss: 0.488
[7,  4801] loss: 1.040
[7,  6401] loss: 0.860
[7,  8001] loss: 0.192
[7,  9601] loss: 0.173
[7, 11201] loss: 0.263
[7, 12801] loss: 0.410
[8,     1] loss: 0.168
[8,  1601] loss: 0.104
[8,  3201] loss: 0.493
[8,  4801] loss: 0.957
[8,  6401] loss: 0.730
[8,  8001] loss: 0.144
[8,  9601] loss: 0.124
[8, 11201] loss: 0.209
[8, 12801] loss: 0.331
[9,     1] loss: 0.208
[9,  1601] loss: 0.114
[9,  3201] loss: 0.508
[9,  4801] loss: 0.776
[9,  6401] loss: 0.860
[9,  8001] loss: 0.174
[9,  9601] loss: 0.131
[9, 11201] loss: 0.241
[9, 12801] loss: 0.323
[10,     1] loss: 0.191
[10,  1601] loss: 0.098
[10,  3201] loss: 0.391
[10,  4801] loss: 0.792
[10,  6401] loss: 0.719
[10,  8001] loss: 0.128
[10,  9601] loss: 0.123
[10, 11201] loss: 0.191
[10, 12801] loss: 0.256
[11,     1] loss: 0.239
[11,  1601] loss: 0.091
[11,  3201] loss: 0.526
[11,  4801] loss: 0.967
[11,  6401] loss: 0.665
[11,  8001] loss: 0.155
[11,  9601] loss: 0.133
[11, 11201] loss: 0.184
[11, 12801] loss: 0.256
[12,     1] loss: 0.144
[12,  1601] loss: 0.109
[12,  3201] loss: 0.401
[12,  4801] loss: 0.675
[12,  6401] loss: 0.760
[12,  8001] loss: 0.173
[12,  9601] loss: 0.137
[12, 11201] loss: 0.206
[12, 12801] loss: 0.305
[13,     1] loss: 0.169
[13,  1601] loss: 0.096
[13,  3201] loss: 0.413
[13,  4801] loss: 0.750
[13,  6401] loss: 0.701
[13,  8001] loss: 0.173
[13,  9601] loss: 0.128
[13, 11201] loss: 0.232
[13, 12801] loss: 0.287
[14,     1] loss: 0.150
[14,  1601] loss: 0.096
[14,  3201] loss: 0.352
[14,  4801] loss: 0.834
[14,  6401] loss: 0.654
[14,  8001] loss: 0.138
[14,  9601] loss: 0.120
[14, 11201] loss: 0.173
[14, 12801] loss: 0.222
[15,     1] loss: 0.157
[15,  1601] loss: 0.089
[15,  3201] loss: 0.365
[15,  4801] loss: 0.766
[15,  6401] loss: 0.579
[15,  8001] loss: 0.186
[15,  9601] loss: 0.153
[15, 11201] loss: 0.193
[15, 12801] loss: 0.304
[16,     1] loss: 0.120
[16,  1601] loss: 0.081
[16,  3201] loss: 0.359
[16,  4801] loss: 0.665
[16,  6401] loss: 0.698
[16,  8001] loss: 0.128
[16,  9601] loss: 0.093
[16, 11201] loss: 0.191
[16, 12801] loss: 0.288
[17,     1] loss: 0.140
[17,  1601] loss: 0.079
[17,  3201] loss: 0.522
[17,  4801] loss: 0.863
[17,  6401] loss: 0.609
[17,  8001] loss: 0.148
[17,  9601] loss: 0.106
[17, 11201] loss: 0.135
[17, 12801] loss: 0.254
[18,     1] loss: 0.148
[18,  1601] loss: 0.074
[18,  3201] loss: 0.340
[18,  4801] loss: 0.827
[18,  6401] loss: 0.599
[18,  8001] loss: 0.150
[18,  9601] loss: 0.109
[18, 11201] loss: 0.148
[18, 12801] loss: 0.326
[19,     1] loss: 0.114
[19,  1601] loss: 0.071
[19,  3201] loss: 0.308
[19,  4801] loss: 0.787
[19,  6401] loss: 0.444
[19,  8001] loss: 0.097
[19,  9601] loss: 0.118
[19, 11201] loss: 0.143
[19, 12801] loss: 0.234
[20,     1] loss: 0.095
[20,  1601] loss: 0.099
[20,  3201] loss: 0.319
[20,  4801] loss: 0.666
[20,  6401] loss: 0.514
[20,  8001] loss: 0.152
[20,  9601] loss: 0.101
[20, 11201] loss: 0.122
[20, 12801] loss: 0.260
[21,     1] loss: 0.106
[21,  1601] loss: 0.080
[21,  3201] loss: 0.382
[21,  4801] loss: 0.504
[21,  6401] loss: 0.614
[21,  8001] loss: 0.108
[21,  9601] loss: 0.107
[21, 11201] loss: 0.135
[21, 12801] loss: 0.244
[22,     1] loss: 0.131
[22,  1601] loss: 0.079
[22,  3201] loss: 0.293
[22,  4801] loss: 0.614
[22,  6401] loss: 0.431
[22,  8001] loss: 0.123
[22,  9601] loss: 0.133
[22, 11201] loss: 0.154
[22, 12801] loss: 0.271
[23,     1] loss: 0.106
[23,  1601] loss: 0.075
[23,  3201] loss: 0.314
[23,  4801] loss: 0.667
[23,  6401] loss: 0.476
[23,  8001] loss: 0.164
[23,  9601] loss: 0.077
[23, 11201] loss: 0.176
[23, 12801] loss: 0.237
[24,     1] loss: 0.099
[24,  1601] loss: 0.066
[24,  3201] loss: 0.382
[24,  4801] loss: 0.598
[24,  6401] loss: 0.470
[24,  8001] loss: 0.135
[24,  9601] loss: 0.083
[24, 11201] loss: 0.135
[24, 12801] loss: 0.263
[25,     1] loss: 0.102
[25,  1601] loss: 0.072
[25,  3201] loss: 0.291
[25,  4801] loss: 0.667
[25,  6401] loss: 0.454
[25,  8001] loss: 0.119
[25,  9601] loss: 0.104
[25, 11201] loss: 0.183
[25, 12801] loss: 0.218
[26,     1] loss: 0.084
[26,  1601] loss: 0.074
[26,  3201] loss: 0.294
[26,  4801] loss: 0.495
[26,  6401] loss: 0.623
[26,  8001] loss: 0.101
[26,  9601] loss: 0.110
[26, 11201] loss: 0.198
[26, 12801] loss: 0.190
[27,     1] loss: 0.109
[27,  1601] loss: 0.057
[27,  3201] loss: 0.340
[27,  4801] loss: 0.612
[27,  6401] loss: 0.439
[27,  8001] loss: 0.146
[27,  9601] loss: 0.081
[27, 11201] loss: 0.101
[27, 12801] loss: 0.194
[28,     1] loss: 0.139
[28,  1601] loss: 0.054
[28,  3201] loss: 0.364
[28,  4801] loss: 0.634
[28,  6401] loss: 0.467
[28,  8001] loss: 0.150
[28,  9601] loss: 0.107
[28, 11201] loss: 0.177
[28, 12801] loss: 0.360
[29,     1] loss: 0.133
[29,  1601] loss: 0.083
[29,  3201] loss: 0.276
[29,  4801] loss: 0.672
[29,  6401] loss: 0.414
[29,  8001] loss: 0.157
[29,  9601] loss: 0.101
[29, 11201] loss: 0.146
[29, 12801] loss: 0.199
[30,     1] loss: 0.111
[30,  1601] loss: 0.060
[30,  3201] loss: 0.322
[30,  4801] loss: 0.526
[30,  6401] loss: 0.518
[30,  8001] loss: 0.119
[30,  9601] loss: 0.116
[30, 11201] loss: 0.169
[30, 12801] loss: 0.249
[31,     1] loss: 0.125
[31,  1601] loss: 0.066
[31,  3201] loss: 0.272
[31,  4801] loss: 0.578
[31,  6401] loss: 0.464
[31,  8001] loss: 0.111
[31,  9601] loss: 0.104
[31, 11201] loss: 0.197
[31, 12801] loss: 0.205
[32,     1] loss: 0.112
[32,  1601] loss: 0.063
[32,  3201] loss: 0.240
[32,  4801] loss: 0.560
[32,  6401] loss: 0.468
[32,  8001] loss: 0.151
[32,  9601] loss: 0.084
[32, 11201] loss: 0.146
[32, 12801] loss: 0.268
[33,     1] loss: 0.117
[33,  1601] loss: 0.074
[33,  3201] loss: 0.246
[33,  4801] loss: 0.418
[33,  6401] loss: 0.507
[33,  8001] loss: 0.101
[33,  9601] loss: 0.101
[33, 11201] loss: 0.168
[33, 12801] loss: 0.263
[34,     1] loss: 0.091
[34,  1601] loss: 0.047
[34,  3201] loss: 0.316
[34,  4801] loss: 0.589
[34,  6401] loss: 0.499
[34,  8001] loss: 0.129
[34,  9601] loss: 0.067
[34, 11201] loss: 0.146
[34, 12801] loss: 0.171
[35,     1] loss: 0.118
[35,  1601] loss: 0.076
[35,  3201] loss: 0.296
[35,  4801] loss: 0.610
[35,  6401] loss: 0.424
[35,  8001] loss: 0.103
[35,  9601] loss: 0.115
[35, 11201] loss: 0.131
[35, 12801] loss: 0.271
[36,     1] loss: 0.121
[36,  1601] loss: 0.049
[36,  3201] loss: 0.392
[36,  4801] loss: 0.551
[36,  6401] loss: 0.414
[36,  8001] loss: 0.093
[36,  9601] loss: 0.092
[36, 11201] loss: 0.125
[36, 12801] loss: 0.198
[37,     1] loss: 0.132
[37,  1601] loss: 0.071
[37,  3201] loss: 0.270
[37,  4801] loss: 0.672
[37,  6401] loss: 0.344
[37,  8001] loss: 0.067
[37,  9601] loss: 0.083
[37, 11201] loss: 0.133
[37, 12801] loss: 0.272
[38,     1] loss: 0.066
[38,  1601] loss: 0.064
[38,  3201] loss: 0.345
[38,  4801] loss: 0.713
[38,  6401] loss: 0.384
[38,  8001] loss: 0.119
[38,  9601] loss: 0.091
[38, 11201] loss: 0.185
[38, 12801] loss: 0.186
[39,     1] loss: 0.119
[39,  1601] loss: 0.062
[39,  3201] loss: 0.287
[39,  4801] loss: 0.603
[39,  6401] loss: 0.366
[39,  8001] loss: 0.164
[39,  9601] loss: 0.083
[39, 11201] loss: 0.153
[39, 12801] loss: 0.214
[40,     1] loss: 0.127
[40,  1601] loss: 0.051
[40,  3201] loss: 0.317
[40,  4801] loss: 0.701
[40,  6401] loss: 0.472
[40,  8001] loss: 0.113
[40,  9601] loss: 0.076
[40, 11201] loss: 0.164
[40, 12801] loss: 0.201
[41,     1] loss: 0.103
[41,  1601] loss: 0.074
[41,  3201] loss: 0.252
[41,  4801] loss: 0.570
[41,  6401] loss: 0.410
[41,  8001] loss: 0.072
[41,  9601] loss: 0.102
[41, 11201] loss: 0.175
[41, 12801] loss: 0.159
[42,     1] loss: 0.087
[42,  1601] loss: 0.048
[42,  3201] loss: 0.428
[42,  4801] loss: 0.380
[42,  6401] loss: 0.355
[42,  8001] loss: 0.119
[42,  9601] loss: 0.079
[42, 11201] loss: 0.117
[42, 12801] loss: 0.209
[43,     1] loss: 0.096
[43,  1601] loss: 0.061
[43,  3201] loss: 0.228
[43,  4801] loss: 0.380
[43,  6401] loss: 0.483
[43,  8001] loss: 0.131
[43,  9601] loss: 0.086
[43, 11201] loss: 0.172
[43, 12801] loss: 0.195
[44,     1] loss: 0.112
[44,  1601] loss: 0.070
[44,  3201] loss: 0.316
[44,  4801] loss: 0.517
[44,  6401] loss: 0.530
[44,  8001] loss: 0.100
[44,  9601] loss: 0.082
[44, 11201] loss: 0.092
[44, 12801] loss: 0.220
[45,     1] loss: 0.104
[45,  1601] loss: 0.073
[45,  3201] loss: 0.221
[45,  4801] loss: 0.448
[45,  6401] loss: 0.466
[45,  8001] loss: 0.124
[45,  9601] loss: 0.074
[45, 11201] loss: 0.093
[45, 12801] loss: 0.265
[46,     1] loss: 0.090
[46,  1601] loss: 0.055
[46,  3201] loss: 0.423
[46,  4801] loss: 0.676
[46,  6401] loss: 0.393
[46,  8001] loss: 0.131
[46,  9601] loss: 0.108
[46, 11201] loss: 0.110
[46, 12801] loss: 0.265
[47,     1] loss: 0.086
[47,  1601] loss: 0.065
[47,  3201] loss: 0.357
[47,  4801] loss: 0.410
[47,  6401] loss: 0.404
[47,  8001] loss: 0.123
[47,  9601] loss: 0.066
[47, 11201] loss: 0.096
[47, 12801] loss: 0.202
[48,     1] loss: 0.116
[48,  1601] loss: 0.045
[48,  3201] loss: 0.205
[48,  4801] loss: 0.558
[48,  6401] loss: 0.374
[48,  8001] loss: 0.097
[48,  9601] loss: 0.075
[48, 11201] loss: 0.123
[48, 12801] loss: 0.180
[49,     1] loss: 0.136
[49,  1601] loss: 0.064
[49,  3201] loss: 0.321
[49,  4801] loss: 0.437
[49,  6401] loss: 0.371
[49,  8001] loss: 0.106
[49,  9601] loss: 0.073
[49, 11201] loss: 0.124
[49, 12801] loss: 0.188
[50,     1] loss: 0.078
[50,  1601] loss: 0.047
[50,  3201] loss: 0.285
[50,  4801] loss: 0.460
[50,  6401] loss: 0.342
[50,  8001] loss: 0.103
[50,  9601] loss: 0.113
[50, 11201] loss: 0.110
[50, 12801] loss: 0.302
[51,     1] loss: 0.088
[51,  1601] loss: 0.048
[51,  3201] loss: 0.313
[51,  4801] loss: 0.490
[51,  6401] loss: 0.375
[51,  8001] loss: 0.126
[51,  9601] loss: 0.051
[51, 11201] loss: 0.169
[51, 12801] loss: 0.218
[52,     1] loss: 0.106
[52,  1601] loss: 0.052
[52,  3201] loss: 0.291
[52,  4801] loss: 0.545
[52,  6401] loss: 0.269
[52,  8001] loss: 0.113
[52,  9601] loss: 0.060
[52, 11201] loss: 0.109
[52, 12801] loss: 0.205
[53,     1] loss: 0.117
[53,  1601] loss: 0.057
[53,  3201] loss: 0.373
[53,  4801] loss: 0.513
[53,  6401] loss: 0.338
[53,  8001] loss: 0.105
[53,  9601] loss: 0.086
[53, 11201] loss: 0.084
[53, 12801] loss: 0.225
[54,     1] loss: 0.093
[54,  1601] loss: 0.052
[54,  3201] loss: 0.242
[54,  4801] loss: 0.299
[54,  6401] loss: 0.357
[54,  8001] loss: 0.078
[54,  9601] loss: 0.076
[54, 11201] loss: 0.135
[54, 12801] loss: 0.253
[55,     1] loss: 0.122
[55,  1601] loss: 0.072
[55,  3201] loss: 0.310
[55,  4801] loss: 0.482
[55,  6401] loss: 0.404
[55,  8001] loss: 0.107
[55,  9601] loss: 0.076
[55, 11201] loss: 0.132
[55, 12801] loss: 0.185
[56,     1] loss: 0.105
[56,  1601] loss: 0.055
[56,  3201] loss: 0.282
[56,  4801] loss: 0.534
[56,  6401] loss: 0.312
[56,  8001] loss: 0.079
[56,  9601] loss: 0.052
[56, 11201] loss: 0.121
[56, 12801] loss: 0.220
[57,     1] loss: 0.087
[57,  1601] loss: 0.038
[57,  3201] loss: 0.378
[57,  4801] loss: 0.566
[57,  6401] loss: 0.423
[57,  8001] loss: 0.090
[57,  9601] loss: 0.082
[57, 11201] loss: 0.130
[57, 12801] loss: 0.303
[58,     1] loss: 0.073
[58,  1601] loss: 0.044
[58,  3201] loss: 0.287
[58,  4801] loss: 0.479
[58,  6401] loss: 0.398
[58,  8001] loss: 0.099
[58,  9601] loss: 0.062
[58, 11201] loss: 0.129
[58, 12801] loss: 0.180
[59,     1] loss: 0.059
[59,  1601] loss: 0.061
[59,  3201] loss: 0.226
[59,  4801] loss: 0.648
[59,  6401] loss: 0.390
[59,  8001] loss: 0.074
[59,  9601] loss: 0.083
[59, 11201] loss: 0.157
[59, 12801] loss: 0.222
[60,     1] loss: 0.106
[60,  1601] loss: 0.041
[60,  3201] loss: 0.237
[60,  4801] loss: 0.439
[60,  6401] loss: 0.338
[60,  8001] loss: 0.115
[60,  9601] loss: 0.073
[60, 11201] loss: 0.089
[60, 12801] loss: 0.165
[61,     1] loss: 0.136
[61,  1601] loss: 0.040
[61,  3201] loss: 0.267
[61,  4801] loss: 0.388
[61,  6401] loss: 0.398
[61,  8001] loss: 0.113
[61,  9601] loss: 0.061
[61, 11201] loss: 0.208
[61, 12801] loss: 0.180
[62,     1] loss: 0.085
[62,  1601] loss: 0.048
[62,  3201] loss: 0.272
[62,  4801] loss: 0.419
[62,  6401] loss: 0.392
[62,  8001] loss: 0.109
[62,  9601] loss: 0.065
[62, 11201] loss: 0.137
[62, 12801] loss: 0.173
[63,     1] loss: 0.112
[63,  1601] loss: 0.037
[63,  3201] loss: 0.175
[63,  4801] loss: 0.474
[63,  6401] loss: 0.352
[63,  8001] loss: 0.117
[63,  9601] loss: 0.053
[63, 11201] loss: 0.107
[63, 12801] loss: 0.191
[64,     1] loss: 0.070
[64,  1601] loss: 0.037
[64,  3201] loss: 0.151
[64,  4801] loss: 0.436
[64,  6401] loss: 0.306
[64,  8001] loss: 0.085
[64,  9601] loss: 0.072
[64, 11201] loss: 0.163
[64, 12801] loss: 0.144
[65,     1] loss: 0.098
[65,  1601] loss: 0.063
[65,  3201] loss: 0.236
[65,  4801] loss: 0.317
[65,  6401] loss: 0.298
[65,  8001] loss: 0.075
[65,  9601] loss: 0.061
[65, 11201] loss: 0.158
[65, 12801] loss: 0.119
[66,     1] loss: 0.128
[66,  1601] loss: 0.037
[66,  3201] loss: 0.304
[66,  4801] loss: 0.482
[66,  6401] loss: 0.461
[66,  8001] loss: 0.098
[66,  9601] loss: 0.069
[66, 11201] loss: 0.103
[66, 12801] loss: 0.169
[67,     1] loss: 0.079
[67,  1601] loss: 0.029
[67,  3201] loss: 0.165
[67,  4801] loss: 0.434
[67,  6401] loss: 0.487
[67,  8001] loss: 0.102
[67,  9601] loss: 0.052
[67, 11201] loss: 0.121
[67, 12801] loss: 0.162
[68,     1] loss: 0.070
[68,  1601] loss: 0.048
[68,  3201] loss: 0.301
[68,  4801] loss: 0.452
[68,  6401] loss: 0.375
[68,  8001] loss: 0.124
[68,  9601] loss: 0.048
[68, 11201] loss: 0.115
[68, 12801] loss: 0.154
[69,     1] loss: 0.092
[69,  1601] loss: 0.041
[69,  3201] loss: 0.131
[69,  4801] loss: 0.477
[69,  6401] loss: 0.355
[69,  8001] loss: 0.059
[69,  9601] loss: 0.065
[69, 11201] loss: 0.140
[69, 12801] loss: 0.178
[70,     1] loss: 0.139
[70,  1601] loss: 0.044
[70,  3201] loss: 0.166
[70,  4801] loss: 0.330
[70,  6401] loss: 0.500
[70,  8001] loss: 0.111
[70,  9601] loss: 0.054
[70, 11201] loss: 0.112
[70, 12801] loss: 0.155
[71,     1] loss: 0.112
[71,  1601] loss: 0.047
[71,  3201] loss: 0.211
[71,  4801] loss: 0.294
[71,  6401] loss: 0.366
[71,  8001] loss: 0.099
[71,  9601] loss: 0.071
[71, 11201] loss: 0.114
[71, 12801] loss: 0.216
[72,     1] loss: 0.105
[72,  1601] loss: 0.063
[72,  3201] loss: 0.180
[72,  4801] loss: 0.505
[72,  6401] loss: 0.386
[72,  8001] loss: 0.132
[72,  9601] loss: 0.077
[72, 11201] loss: 0.119
[72, 12801] loss: 0.194
[73,     1] loss: 0.127
[73,  1601] loss: 0.040
[73,  3201] loss: 0.254
[73,  4801] loss: 0.528
[73,  6401] loss: 0.385
[73,  8001] loss: 0.078
[73,  9601] loss: 0.066
[73, 11201] loss: 0.120
[73, 12801] loss: 0.181
[74,     1] loss: 0.139
[74,  1601] loss: 0.048
[74,  3201] loss: 0.241
[74,  4801] loss: 0.463
[74,  6401] loss: 0.239
[74,  8001] loss: 0.070
[74,  9601] loss: 0.073
[74, 11201] loss: 0.096
[74, 12801] loss: 0.181
[75,     1] loss: 0.095
[75,  1601] loss: 0.030
[75,  3201] loss: 0.212
[75,  4801] loss: 0.494
[75,  6401] loss: 0.183
[75,  8001] loss: 0.082
[75,  9601] loss: 0.063
[75, 11201] loss: 0.095
[75, 12801] loss: 0.154
[76,     1] loss: 0.109
[76,  1601] loss: 0.040
[76,  3201] loss: 0.253
[76,  4801] loss: 0.492
[76,  6401] loss: 0.361
[76,  8001] loss: 0.110
[76,  9601] loss: 0.056
[76, 11201] loss: 0.099
[76, 12801] loss: 0.253
[77,     1] loss: 0.110
[77,  1601] loss: 0.039
[77,  3201] loss: 0.193
[77,  4801] loss: 0.456
[77,  6401] loss: 0.436
[77,  8001] loss: 0.116
[77,  9601] loss: 0.062
[77, 11201] loss: 0.094
[77, 12801] loss: 0.222
[78,     1] loss: 0.095
[78,  1601] loss: 0.029
[78,  3201] loss: 0.206
[78,  4801] loss: 0.341
[78,  6401] loss: 0.343
[78,  8001] loss: 0.084
[78,  9601] loss: 0.068
[78, 11201] loss: 0.077
[78, 12801] loss: 0.192
[79,     1] loss: 0.106
[79,  1601] loss: 0.041
[79,  3201] loss: 0.177
[79,  4801] loss: 0.377
[79,  6401] loss: 0.348
[79,  8001] loss: 0.092
[79,  9601] loss: 0.064
[79, 11201] loss: 0.134
[79, 12801] loss: 0.187
[80,     1] loss: 0.095
[80,  1601] loss: 0.051
[80,  3201] loss: 0.208
[80,  4801] loss: 0.394
[80,  6401] loss: 0.227
[80,  8001] loss: 0.080
[80,  9601] loss: 0.066
[80, 11201] loss: 0.102
[80, 12801] loss: 0.184
[81,     1] loss: 0.062
[81,  1601] loss: 0.055
[81,  3201] loss: 0.187
[81,  4801] loss: 0.364
[81,  6401] loss: 0.359
[81,  8001] loss: 0.100
[81,  9601] loss: 0.047
[81, 11201] loss: 0.110
[81, 12801] loss: 0.199
[82,     1] loss: 0.094
[82,  1601] loss: 0.051
[82,  3201] loss: 0.186
[82,  4801] loss: 0.401
[82,  6401] loss: 0.328
[82,  8001] loss: 0.090
[82,  9601] loss: 0.069
[82, 11201] loss: 0.120
[82, 12801] loss: 0.167
[83,     1] loss: 0.112
[83,  1601] loss: 0.044
[83,  3201] loss: 0.113
[83,  4801] loss: 0.354
[83,  6401] loss: 0.474
[83,  8001] loss: 0.111
[83,  9601] loss: 0.072
[83, 11201] loss: 0.124
[83, 12801] loss: 0.244
[84,     1] loss: 0.076
[84,  1601] loss: 0.063
[84,  3201] loss: 0.273
[84,  4801] loss: 0.313
[84,  6401] loss: 0.333
[84,  8001] loss: 0.127
[84,  9601] loss: 0.063
[84, 11201] loss: 0.098
[84, 12801] loss: 0.180
[85,     1] loss: 0.115
[85,  1601] loss: 0.054
[85,  3201] loss: 0.149
[85,  4801] loss: 0.459
[85,  6401] loss: 0.354
[85,  8001] loss: 0.076
[85,  9601] loss: 0.077
[85, 11201] loss: 0.122
[85, 12801] loss: 0.154
[86,     1] loss: 0.066
[86,  1601] loss: 0.036
[86,  3201] loss: 0.211
[86,  4801] loss: 0.361
[86,  6401] loss: 0.221
[86,  8001] loss: 0.080
[86,  9601] loss: 0.051
[86, 11201] loss: 0.109
[86, 12801] loss: 0.230
[87,     1] loss: 0.087
[87,  1601] loss: 0.055
[87,  3201] loss: 0.269
[87,  4801] loss: 0.325
[87,  6401] loss: 0.298
[87,  8001] loss: 0.086
[87,  9601] loss: 0.042
[87, 11201] loss: 0.092
[87, 12801] loss: 0.231
[88,     1] loss: 0.108
[88,  1601] loss: 0.047
[88,  3201] loss: 0.139
[88,  4801] loss: 0.380
[88,  6401] loss: 0.365
[88,  8001] loss: 0.096
[88,  9601] loss: 0.078
[88, 11201] loss: 0.128
[88, 12801] loss: 0.167
[89,     1] loss: 0.092
[89,  1601] loss: 0.031
[89,  3201] loss: 0.190
[89,  4801] loss: 0.373
[89,  6401] loss: 0.250
[89,  8001] loss: 0.092
[89,  9601] loss: 0.070
[89, 11201] loss: 0.186
[89, 12801] loss: 0.226
[90,     1] loss: 0.098
[90,  1601] loss: 0.035
[90,  3201] loss: 0.265
[90,  4801] loss: 0.324
[90,  6401] loss: 0.307
[90,  8001] loss: 0.059
[90,  9601] loss: 0.050
[90, 11201] loss: 0.129
[90, 12801] loss: 0.168
[91,     1] loss: 0.097
[91,  1601] loss: 0.031
[91,  3201] loss: 0.194
[91,  4801] loss: 0.326
[91,  6401] loss: 0.308
[91,  8001] loss: 0.086
[91,  9601] loss: 0.044
[91, 11201] loss: 0.099
[91, 12801] loss: 0.218
[92,     1] loss: 0.086
[92,  1601] loss: 0.044
[92,  3201] loss: 0.184
[92,  4801] loss: 0.307
[92,  6401] loss: 0.384
[92,  8001] loss: 0.107
[92,  9601] loss: 0.074
[92, 11201] loss: 0.074
[92, 12801] loss: 0.171
[93,     1] loss: 0.114
[93,  1601] loss: 0.036
[93,  3201] loss: 0.130
[93,  4801] loss: 0.305
[93,  6401] loss: 0.309
[93,  8001] loss: 0.083
[93,  9601] loss: 0.036
[93, 11201] loss: 0.087
[93, 12801] loss: 0.214
[94,     1] loss: 0.118
[94,  1601] loss: 0.036
[94,  3201] loss: 0.103
[94,  4801] loss: 0.375
[94,  6401] loss: 0.330
[94,  8001] loss: 0.100
[94,  9601] loss: 0.079
[94, 11201] loss: 0.088
[94, 12801] loss: 0.195
[95,     1] loss: 0.079
[95,  1601] loss: 0.061
[95,  3201] loss: 0.208
[95,  4801] loss: 0.574
[95,  6401] loss: 0.261
[95,  8001] loss: 0.096
[95,  9601] loss: 0.072
[95, 11201] loss: 0.062
[95, 12801] loss: 0.190
[96,     1] loss: 0.139
[96,  1601] loss: 0.049
[96,  3201] loss: 0.222
[96,  4801] loss: 0.428
[96,  6401] loss: 0.254
[96,  8001] loss: 0.087
[96,  9601] loss: 0.062
[96, 11201] loss: 0.158
[96, 12801] loss: 0.236
[97,     1] loss: 0.098
[97,  1601] loss: 0.043
[97,  3201] loss: 0.262
[97,  4801] loss: 0.361
[97,  6401] loss: 0.379
[97,  8001] loss: 0.082
[97,  9601] loss: 0.064
[97, 11201] loss: 0.126
[97, 12801] loss: 0.176
[98,     1] loss: 0.062
[98,  1601] loss: 0.036
[98,  3201] loss: 0.270
[98,  4801] loss: 0.517
[98,  6401] loss: 0.366
[98,  8001] loss: 0.103
[98,  9601] loss: 0.068
[98, 11201] loss: 0.093
[98, 12801] loss: 0.248
[99,     1] loss: 0.109
[99,  1601] loss: 0.067
[99,  3201] loss: 0.325
[99,  4801] loss: 0.488
[99,  6401] loss: 0.274
[99,  8001] loss: 0.091
[99,  9601] loss: 0.073
[99, 11201] loss: 0.082
[99, 12801] loss: 0.174
[100,     1] loss: 0.083
[100,  1601] loss: 0.038
[100,  3201] loss: 0.330
[100,  4801] loss: 0.395
[100,  6401] loss: 0.227
[100,  8001] loss: 0.087
[100,  9601] loss: 0.044
[100, 11201] loss: 0.133
[100, 12801] loss: 0.171
Finished Training
loss is: [0.09418778121471405, 0.08023637533187866, 0.06320662796497345, 0.0664532259106636, 0.1899772584438324, 0.10694050788879395, 0.10630129277706146, 0.10186917334794998, 0.07699568569660187, 0.03903542086482048, 0.19569288194179535, 0.13057464361190796, 0.07036378979682922, 0.07297845184803009, 0.07807773351669312, 0.1711558997631073, 1.1342602968215942, 0.6294218301773071, 0.6807929873466492, 0.23825304210186005]
BNN Model Saved
Ntest in def:  1446
Ntest: 1446
M_test1:  0.0030085209008843417
M_test2:  -0.03613380005004794
std_test1:  0.9972528683152811
std_test2:  0.9759391748715279
